   0.00000    1.00000    0.00377
   0.00000    2.00000    0.01130
   0.00000    4.00000    0.01802
   0.00000    6.00000    0.02233
   0.00000    8.00000    0.02717
   0.00000   10.00000    0.03121
   0.00000   12.00000    0.03605
   0.00000   14.00000    0.03928
   0.00000   16.00000    0.04170
   0.00000   18.00000    0.04654
   0.00000   20.00000    0.05084
   0.00000   22.00000    0.05192
   0.00000   24.00000    0.05300
   0.00000   26.00000    0.05569
   0.00000   28.00000    0.05703
   0.00000   30.00000    0.05811
   0.00000   32.00000    0.05784
   0.00000   34.00000    0.05865
   0.00000   36.00000    0.05891
   0.00000   38.00000    0.05757
   0.00000   40.00000    0.05703
   0.00000   42.00000    0.05757
   0.00000   44.00000    0.06053
   0.00000   46.00000    0.06107
   0.00000   48.00000    0.06591
   0.00000   50.00000    0.06429
   0.00000   52.00000    0.06699
   0.00000   60.00000    0.06717
   0.00000   62.00000    0.06651
   0.00000   66.00000    0.06376
   0.00000   68.00000    0.06320
   0.00000   70.00000    0.06519
   0.00000   72.00000    0.06221
   0.00000   74.00000    0.06221
   0.00000   76.00000    0.06155
   0.00000   78.00000    0.06552
   0.00000   80.00000    0.06386
   0.00000   82.00000    0.06452
   0.00000   84.00000    0.06188
   0.00000   86.00000    0.06353
   0.00000   88.00000    0.06816
   0.00000   90.00000    0.06750
   0.00000   92.00000    0.07015
   0.00000   94.00000    0.07081
   0.00000   98.00000    0.07048
   0.00000  100.00000    0.06816
   0.00000  102.00000    0.07015
   0.00000  104.00000    0.07147
   0.00000  106.00000    0.07147
   0.00000  112.00000    0.07577
   0.00000  114.00000    0.07610
   0.00000  116.00000    0.07610
   0.00000  118.00000    0.07743
   0.00000  120.00000    0.07875
   0.00000  122.00000    0.07908
   0.00000  124.00000    0.08107
   0.00000  126.00000    0.08107
   0.00000  128.00000    0.08239
   0.00000  130.00000    0.08537
   0.00000  132.00000    0.08603
   0.00000  134.00000    0.08769
   0.00000  136.00000    0.08967
   0.00000  138.00000    0.08967
   0.00000  148.00000    0.09728
   0.00000  150.00000    0.09827
   0.00000  152.00000    0.09960
   0.00000  154.00000    0.10258
   0.00000  156.00000    0.10157
   0.00000  158.00000    0.10124
   0.00000  160.00000    0.10124
   0.00000  162.00000    0.10322
   0.00000  164.00000    0.10355
   0.00000  166.00000    0.10322
   0.00000  168.00000    0.10421
   0.00000  170.00000    0.10488
   0.00000  172.00000    0.10653
   0.00000  174.00000    0.10521
   0.00000  176.00000    0.10554
   0.00000  178.00000    0.10918
   0.00000  180.00000    0.11017
   0.00000  182.00000    0.10852
   0.00000  184.00000    0.11216
   0.00000  186.00000    0.11050
   0.00000  188.00000    0.11116
   0.00000  190.00000    0.10885
  10.00000    2.00000    0.02852
  10.00000    4.00000    0.02529
  10.00000    6.00000    0.01991
  10.00000    8.00000    0.01049
  10.00000   12.00000    0.01211
  10.00000   14.00000    0.01964
  10.00000   16.00000    0.02690
  10.00000   18.00000    0.03578
  10.00000   20.00000    0.03874
  10.00000   22.00000    0.04062
  10.00000   24.00000    0.04331
  10.00000   26.00000    0.04815
  10.00000   28.00000    0.05031
  10.00000   30.00000    0.05488
  10.00000   32.00000    0.05515
  10.00000   34.00000    0.05865
  10.00000   36.00000    0.05891
  10.00000   62.00000    0.06427
  10.00000   66.00000    0.06322
  10.00000   68.00000    0.06268
  10.00000   72.00000    0.06322
  10.00000   74.00000    0.06349
  10.00000   76.00000    0.06158
  10.00000   80.00000    0.06429
  10.00000   82.00000    0.06564
  10.00000   86.00000    0.06699
  10.00000   88.00000    0.06771
  10.00000   90.00000    0.06883
  10.00000   92.00000    0.07106
  10.00000   94.00000    0.07106
  10.00000   96.00000    0.07106
  10.00000   98.00000    0.06994
  10.00000  100.00000    0.06771
  10.00000  102.00000    0.06994
  10.00000  104.00000    0.07218
  10.00000  106.00000    0.07218
  10.00000  108.00000    0.07274
  10.00000  110.00000    0.07274
  10.00000  112.00000    0.07554
  10.00000  114.00000    0.07610
  10.00000  118.00000    0.07890
  10.00000  120.00000    0.07778
  10.00000  122.00000    0.07778
  10.00000  124.00000    0.08058
  10.00000  126.00000    0.08058
  10.00000  128.00000    0.08337
  10.00000  130.00000    0.08505
  10.00000  134.00000    0.08785
  10.00000  136.00000    0.08673
  10.00000  148.00000    0.09568
  10.00000  150.00000    0.09848
  10.00000  152.00000    0.10016
  10.00000  154.00000    0.10072
  10.00000  156.00000    0.10352
  10.00000  158.00000    0.10184
  10.00000  160.00000    0.10296
  10.00000  162.00000    0.10408
  10.00000  164.00000    0.10520
  10.00000  166.00000    0.10464
  10.00000  168.00000    0.10576
  10.00000  170.00000    0.10799
  10.00000  172.00000    0.11023
  10.00000  174.00000    0.11023
  10.00000  176.00000    0.11135
  10.00000  178.00000    0.11359
  10.00000  180.00000    0.11359
  10.00000  182.00000    0.11471
  10.00000  184.00000    0.11359
  10.00000  186.00000    0.11415
  10.00000  188.00000    0.11695
  20.00000    2.00000    0.04687
  20.00000    4.00000    0.04581
  20.00000    6.00000    0.04123
  20.00000    8.00000    0.04053
  20.00000   10.00000    0.03771
  20.00000   12.00000    0.03207
  20.00000   14.00000    0.02643
  20.00000   16.00000    0.02150
  20.00000   18.00000    0.01551
  20.00000   22.00000    0.01445
  20.00000   24.00000    0.01974
  20.00000   26.00000    0.02749
  20.00000   28.00000    0.03172
  20.00000   32.00000    0.04017
  20.00000   34.00000    0.04581
  20.00000   36.00000    0.04863
  20.00000   38.00000    0.04899
  20.00000   40.00000    0.05110
  20.00000   42.00000    0.05075
  20.00000   44.00000    0.05744
  20.00000   46.00000    0.06061
  20.00000   48.00000    0.06590
  20.00000   52.00000    0.06343
  20.00000   56.00000    0.06202
  20.00000   58.00000    0.05921
  20.00000   60.00000    0.06555
  20.00000   62.00000    0.06202
  20.00000   64.00000    0.06484
  20.00000   66.00000    0.06026
  20.00000   68.00000    0.06132
  20.00000   70.00000    0.06238
  20.00000   72.00000    0.05850
  20.00000   74.00000    0.05956
  20.00000   76.00000    0.05956
  20.00000   78.00000    0.06273
  20.00000   80.00000    0.06026
  20.00000   82.00000    0.06097
  20.00000   84.00000    0.06097
  20.00000   86.00000    0.06273
  20.00000   88.00000    0.06343
  20.00000   90.00000    0.06555
  20.00000   92.00000    0.06661
  20.00000   94.00000    0.06661
  20.00000   96.00000    0.06696
  20.00000   98.00000    0.06696
  20.00000  100.00000    0.06625
  20.00000  102.00000    0.06483
  20.00000  104.00000    0.06745
  20.00000  106.00000    0.06745
  20.00000  112.00000    0.07373
  20.00000  114.00000    0.07268
  20.00000  118.00000    0.07818
  20.00000  120.00000    0.07661
  20.00000  122.00000    0.07713
  20.00000  124.00000    0.07818
  20.00000  126.00000    0.07870
  20.00000  128.00000    0.08079
  20.00000  130.00000    0.08262
  20.00000  132.00000    0.08602
  20.00000  134.00000    0.08576
  20.00000  136.00000    0.08681
  20.00000  140.00000    0.09283
  20.00000  142.00000    0.09361
  20.00000  144.00000    0.09597
  20.00000  146.00000    0.09518
  20.00000  148.00000    0.09597
  20.00000  150.00000    0.09806
  20.00000  152.00000    0.09884
  20.00000  154.00000    0.10067
  20.00000  156.00000    0.10094
  20.00000  158.00000    0.09910
  20.00000  160.00000    0.09858
  20.00000  162.00000    0.10041
  20.00000  164.00000    0.10198
  20.00000  166.00000    0.10094
  20.00000  168.00000    0.10172
  20.00000  170.00000    0.10172
  20.00000  172.00000    0.10434
  20.00000  174.00000    0.10434
  20.00000  176.00000    0.10617
  20.00000  178.00000    0.10617
  20.00000  182.00000    0.11035
  20.00000  184.00000    0.10748
  20.00000  186.00000    0.10748
  20.00000  188.00000    0.10957
  20.00000  190.00000    0.10983
  30.00000    2.00000    0.05891
  30.00000    4.00000    0.05945
  30.00000    6.00000    0.05757
  30.00000    8.00000    0.05569
  30.00000   10.00000    0.05461
  30.00000   12.00000    0.05165
  30.00000   14.00000    0.04815
  30.00000   16.00000    0.04573
  30.00000   18.00000    0.04493
  30.00000   20.00000    0.04143
  30.00000   22.00000    0.03470
  30.00000   24.00000    0.02744
  30.00000   26.00000    0.02421
  30.00000   28.00000    0.01829
  30.00000   32.00000    0.01130
  30.00000   34.00000    0.02287
  30.00000   36.00000    0.02744
  30.00000   38.00000    0.03255
  30.00000   40.00000    0.03497
  30.00000   42.00000    0.03820
  30.00000   44.00000    0.04519
  30.00000   46.00000    0.04896
  30.00000   48.00000    0.05649
  30.00000   50.00000    0.05999
  30.00000   52.00000    0.06134
  30.00000   54.00000    0.06241
  30.00000   56.00000    0.06295
  30.00000   62.00000    0.06080
  30.00000   64.00000    0.06160
  30.00000   66.00000    0.05972
  30.00000   68.00000    0.05811
  30.00000   70.00000    0.05999
  30.00000   72.00000    0.05649
  30.00000   74.00000    0.05622
  30.00000   76.00000    0.05622
  30.00000   78.00000    0.06026
  30.00000   80.00000    0.05649
  30.00000   82.00000    0.05757
  30.00000   84.00000    0.05622
  30.00000   86.00000    0.05972
  30.00000   88.00000    0.06080
  30.00000   90.00000    0.06187
  30.00000   92.00000    0.06322
  30.00000   94.00000    0.06376
  30.00000   96.00000    0.06456
  30.00000   98.00000    0.06429
  30.00000  100.00000    0.06268
  30.00000  102.00000    0.06376
  30.00000  104.00000    0.06456
  30.00000  106.00000    0.06322
  30.00000  108.00000    0.06322
  30.00000  112.00000    0.07102
  30.00000  114.00000    0.07156
  30.00000  118.00000    0.07344
  30.00000  120.00000    0.07079
  30.00000  122.00000    0.07355
  30.00000  124.00000    0.07514
  30.00000  126.00000    0.07632
  30.00000  128.00000    0.07870
  30.00000  130.00000    0.07949
  30.00000  132.00000    0.08028
  30.00000  134.00000    0.08225
  30.00000  136.00000    0.08305
  30.00000  140.00000    0.09175
  30.00000  142.00000    0.09175
  30.00000  144.00000    0.09175
  30.00000  146.00000    0.09214
  30.00000  148.00000    0.09333
  30.00000  150.00000    0.09254
  30.00000  152.00000    0.09610
  30.00000  154.00000    0.09412
  30.00000  156.00000    0.09689
  30.00000  158.00000    0.09530
  30.00000  160.00000    0.09451
  30.00000  162.00000    0.09610
  30.00000  164.00000    0.09491
  30.00000  166.00000    0.09491
  30.00000  170.00000    0.09768
  30.00000  172.00000    0.09807
  30.00000  174.00000    0.10045
  30.00000  176.00000    0.10045
  30.00000  178.00000    0.10440
  30.00000  180.00000    0.10361
  30.00000  182.00000    0.10361
  30.00000  184.00000    0.10480
  30.00000  186.00000    0.10400
  30.00000  188.00000    0.10638
  30.00000  190.00000    0.10519
  40.00000    2.00000    0.05865
  40.00000    4.00000    0.05891
  40.00000    6.00000    0.05811
  40.00000    8.00000    0.05891
  40.00000   10.00000    0.05972
  40.00000   12.00000    0.05972
  40.00000   14.00000    0.05891
  40.00000   16.00000    0.05784
  40.00000   18.00000    0.05784
  40.00000   20.00000    0.05542
  40.00000   22.00000    0.05219
  40.00000   24.00000    0.04573
  40.00000   26.00000    0.04573
  40.00000   28.00000    0.04089
  40.00000   30.00000    0.03820
  40.00000   32.00000    0.03309
  40.00000   34.00000    0.02932
  40.00000   36.00000    0.02448
  40.00000   38.00000    0.01399
  40.00000   42.00000    0.01291
  40.00000   44.00000    0.02071
  40.00000   46.00000    0.02609
  40.00000   48.00000    0.03470
  40.00000   50.00000    0.04116
  40.00000   52.00000    0.04519
  40.00000   54.00000    0.04869
  40.00000   56.00000    0.04896
  40.00000   58.00000    0.04923
  40.00000   66.00000    0.04896
  40.00000   68.00000    0.04977
  40.00000   70.00000    0.05300
  40.00000   72.00000    0.04977
  40.00000   74.00000    0.04842
  40.00000   76.00000    0.05004
  40.00000   78.00000    0.05219
  40.00000   80.00000    0.05084
  40.00000   82.00000    0.05111
  40.00000   84.00000    0.04950
  40.00000   86.00000    0.05192
  40.00000   88.00000    0.05434
  40.00000   90.00000    0.05569
  40.00000   92.00000    0.05649
  40.00000   94.00000    0.05622
  40.00000   96.00000    0.05622
  40.00000   98.00000    0.05488
  40.00000  100.00000    0.05488
  40.00000  102.00000    0.05488
  40.00000  104.00000    0.05757
  40.00000  106.00000    0.05730
  40.00000  112.00000    0.06376
  40.00000  114.00000    0.06510
  40.00000  118.00000    0.06618
  40.00000  120.00000    0.06779
  40.00000  122.00000    0.06699
  40.00000  124.00000    0.07129
  40.00000  126.00000    0.06914
  40.00000  128.00000    0.07317
  40.00000  130.00000    0.07694
  40.00000  132.00000    0.07425
  40.00000  134.00000    0.07613
  40.00000  136.00000    0.07640
  40.00000  138.00000    0.07586
  40.00000  142.00000    0.08555
  40.00000  144.00000    0.08649
  40.00000  150.00000    0.08622
  40.00000  152.00000    0.08811
  40.00000  154.00000    0.08865
  40.00000  156.00000    0.08918
  40.00000  158.00000    0.08649
  40.00000  160.00000    0.08703
  40.00000  162.00000    0.08838
  40.00000  164.00000    0.09080
  40.00000  166.00000    0.09187
  40.00000  168.00000    0.09080
  40.00000  170.00000    0.09403
  40.00000  172.00000    0.09214
  40.00000  174.00000    0.09483
  40.00000  176.00000    0.09483
  40.00000  178.00000    0.09618
  40.00000  180.00000    0.09591
  40.00000  182.00000    0.10075
  40.00000  184.00000    0.09806
  40.00000  186.00000    0.09941
  40.00000  188.00000    0.10290
  50.00000   24.00000    0.06510
  50.00000   26.00000    0.06268
  50.00000   28.00000    0.06026
  50.00000   30.00000    0.06053
  50.00000   32.00000    0.05353
  50.00000   34.00000    0.05219
  50.00000   36.00000    0.05058
  50.00000   38.00000    0.04385
  50.00000   40.00000    0.03955
  50.00000   42.00000    0.03686
  50.00000   44.00000    0.02986
  50.00000   46.00000    0.02367
  50.00000   48.00000    0.01856
  50.00000   52.00000    0.01560
  50.00000   54.00000    0.02448
  50.00000   56.00000    0.02771
  50.00000   58.00000    0.03228
  50.00000   60.00000    0.04250
  50.00000   72.00000    0.04546
  50.00000   74.00000    0.04681
  50.00000   76.00000    0.04815
  50.00000   78.00000    0.04815
  50.00000   80.00000    0.04815
  50.00000   82.00000    0.04815
  50.00000   84.00000    0.04627
  50.00000   86.00000    0.04869
  50.00000   88.00000    0.05111
  50.00000   90.00000    0.05138
  50.00000   92.00000    0.05434
  50.00000   94.00000    0.05488
  50.00000   96.00000    0.05461
  50.00000   98.00000    0.05273
  50.00000  100.00000    0.05058
  50.00000  102.00000    0.05434
  50.00000  104.00000    0.05461
  50.00000  106.00000    0.05569
  50.00000  110.00000    0.05596
  50.00000  112.00000    0.05999
  50.00000  114.00000    0.06107
  50.00000  118.00000    0.06349
  50.00000  120.00000    0.06349
  50.00000  122.00000    0.06537
  50.00000  124.00000    0.06564
  50.00000  126.00000    0.06564
  50.00000  128.00000    0.06699
  50.00000  130.00000    0.06860
  50.00000  132.00000    0.06941
  50.00000  134.00000    0.07156
  50.00000  136.00000    0.07317
  50.00000  140.00000    0.07963
  50.00000  142.00000    0.08071
  50.00000  144.00000    0.08178
  50.00000  150.00000    0.08313
  50.00000  152.00000    0.08613
  50.00000  154.00000    0.08613
  50.00000  156.00000    0.08694
  50.00000  160.00000    0.08371
  50.00000  162.00000    0.08721
  50.00000  164.00000    0.08909
  50.00000  166.00000    0.08801
  50.00000  168.00000    0.09017
  50.00000  170.00000    0.09151
  50.00000  172.00000    0.09259
  50.00000  174.00000    0.09366
  50.00000  176.00000    0.09286
  50.00000  178.00000    0.09501
  50.00000  180.00000    0.09931
  50.00000  182.00000    0.09743
  50.00000  184.00000    0.09528
  50.00000  186.00000    0.09635
  50.00000  188.00000    0.10066
  60.00000    2.00000    0.06699
  60.00000    4.00000    0.06699
  60.00000    6.00000    0.06564
  60.00000    8.00000    0.06645
  60.00000   10.00000    0.06833
  60.00000   12.00000    0.06510
  60.00000   14.00000    0.06510
  60.00000   16.00000    0.06483
  60.00000   18.00000    0.06618
  60.00000   20.00000    0.06510
  60.00000   22.00000    0.06376
  60.00000   24.00000    0.06026
  60.00000   26.00000    0.06241
  60.00000   28.00000    0.06053
  60.00000   30.00000    0.06564
  60.00000   32.00000    0.06914
  60.00000   34.00000    0.06456
  60.00000   36.00000    0.06322
  60.00000   38.00000    0.05918
  60.00000   40.00000    0.05676
  60.00000   42.00000    0.05461
  60.00000   44.00000    0.05219
  60.00000   46.00000    0.04923
  60.00000   48.00000    0.04762
  60.00000   50.00000    0.04224
  60.00000   52.00000    0.03793
  60.00000   54.00000    0.03094
  60.00000   56.00000    0.02314
  60.00000   58.00000    0.01533
  60.00000   62.00000    0.01372
  60.00000   64.00000    0.02394
  60.00000   66.00000    0.02636
  60.00000   68.00000    0.03121
  60.00000   70.00000    0.03981
  60.00000   72.00000    0.04116
  60.00000   74.00000    0.04224
  60.00000   76.00000    0.04412
  60.00000   78.00000    0.04762
  60.00000   80.00000    0.04546
  60.00000   82.00000    0.04654
  60.00000   84.00000    0.04250
  60.00000   86.00000    0.04519
  60.00000   88.00000    0.04735
  60.00000   90.00000    0.04896
  60.00000   92.00000    0.05138
  60.00000   94.00000    0.05084
  60.00000   96.00000    0.05084
  60.00000   98.00000    0.05004
  60.00000  100.00000    0.04896
  60.00000  102.00000    0.04842
  60.00000  104.00000    0.04977
  60.00000  106.00000    0.05084
  60.00000  108.00000    0.05084
  60.00000  110.00000    0.05327
  60.00000  112.00000    0.05676
  60.00000  114.00000    0.05622
  60.00000  118.00000    0.06187
  60.00000  120.00000    0.06053
  60.00000  122.00000    0.06107
  60.00000  124.00000    0.06429
  60.00000  126.00000    0.06241
  60.00000  128.00000    0.06591
  60.00000  130.00000    0.06591
  60.00000  132.00000    0.06725
  60.00000  142.00000    0.07801
  60.00000  150.00000    0.08038
  60.00000  152.00000    0.08038
  60.00000  154.00000    0.08361
  60.00000  156.00000    0.08226
  60.00000  158.00000    0.08226
  60.00000  160.00000    0.07957
  60.00000  162.00000    0.08092
  60.00000  164.00000    0.08253
  60.00000  166.00000    0.08280
  60.00000  168.00000    0.08388
  60.00000  176.00000    0.08737
  60.00000  178.00000    0.08872
  60.00000  180.00000    0.08926
  60.00000  182.00000    0.09195
  60.00000  184.00000    0.09437
  60.00000  188.00000    0.09410
  60.00000  190.00000    0.09222
  70.00000    2.00000    0.06456
  70.00000    4.00000    0.06483
  70.00000    6.00000    0.06160
  70.00000    8.00000    0.06429
  70.00000   10.00000    0.06618
  70.00000   12.00000    0.06376
  70.00000   14.00000    0.06376
  70.00000   16.00000    0.06268
  70.00000   18.00000    0.06295
  70.00000   20.00000    0.06080
  70.00000   22.00000    0.05999
  70.00000   24.00000    0.05811
  70.00000   26.00000    0.05865
  70.00000   28.00000    0.05730
  70.00000   30.00000    0.06080
  70.00000   32.00000    0.05488
  70.00000   34.00000    0.05515
  70.00000   36.00000    0.05273
  70.00000   38.00000    0.05327
  70.00000   40.00000    0.05084
  70.00000   44.00000    0.05004
  70.00000   46.00000    0.04950
  70.00000   50.00000    0.04735
  70.00000   56.00000    0.04466
  70.00000   58.00000    0.03981
  70.00000   60.00000    0.03874
  70.00000   64.00000    0.03067
  70.00000   66.00000    0.02098
  70.00000   68.00000    0.01184
  70.00000   72.00000    0.01372
  70.00000   74.00000    0.02179
  70.00000   76.00000    0.02502
  70.00000   78.00000    0.03040
  70.00000   80.00000    0.03470
  70.00000   82.00000    0.03578
  70.00000   84.00000    0.03712
  80.00000    2.00000    0.06779
  80.00000    4.00000    0.06483
  80.00000    6.00000    0.06376
  80.00000    8.00000    0.06295
  80.00000   10.00000    0.06376
  80.00000   12.00000    0.06241
  80.00000   14.00000    0.06160
  80.00000   16.00000    0.06241
  80.00000   18.00000    0.06295
  80.00000   20.00000    0.06241
  80.00000   22.00000    0.06053
  80.00000   24.00000    0.05676
  80.00000   26.00000    0.05945
  80.00000   28.00000    0.05730
  80.00000   30.00000    0.05972
  80.00000   32.00000    0.05649
  80.00000   34.00000    0.05461
  80.00000   36.00000    0.05380
  80.00000   38.00000    0.05246
  80.00000   40.00000    0.05058
  80.00000   44.00000    0.05084
  80.00000   46.00000    0.05031
  80.00000   48.00000    0.05111
  80.00000   50.00000    0.05004
  80.00000   58.00000    0.04412
  80.00000   66.00000    0.04062
  80.00000   68.00000    0.03632
  80.00000   72.00000    0.03013
  80.00000   74.00000    0.02717
  80.00000   76.00000    0.02421
  80.00000   78.00000    0.01695
  80.00000   82.00000    0.01103
  80.00000   84.00000    0.01722
  80.00000   86.00000    0.02502
  80.00000   88.00000    0.02959
  80.00000   90.00000    0.03336
  80.00000   92.00000    0.03712
  80.00000   96.00000    0.03524
  80.00000   98.00000    0.03605
  80.00000  110.00000    0.03847
  80.00000  112.00000    0.04250
  80.00000  114.00000    0.04358
  80.00000  116.00000    0.04304
  80.00000  118.00000    0.04385
  80.00000  120.00000    0.04600
  80.00000  122.00000    0.04627
  80.00000  124.00000    0.04788
  80.00000  126.00000    0.04708
  80.00000  128.00000    0.05219
  80.00000  130.00000    0.05084
  80.00000  132.00000    0.05138
  80.00000  134.00000    0.05407
  80.00000  136.00000    0.05353
  80.00000  138.00000    0.05515
  80.00000  140.00000    0.05918
  80.00000  142.00000    0.06187
  80.00000  144.00000    0.06268
  80.00000  148.00000    0.06322
  80.00000  150.00000    0.06322
  80.00000  152.00000    0.06456
  80.00000  154.00000    0.06618
  80.00000  156.00000    0.06618
  80.00000  158.00000    0.06591
  80.00000  160.00000    0.06429
  80.00000  162.00000    0.06645
  80.00000  164.00000    0.06779
  80.00000  166.00000    0.06779
  80.00000  168.00000    0.06914
  80.00000  170.00000    0.07048
  80.00000  172.00000    0.06994
  80.00000  174.00000    0.07048
  80.00000  176.00000    0.07263
  80.00000  178.00000    0.07425
  80.00000  180.00000    0.07452
  80.00000  184.00000    0.07586
  80.00000  186.00000    0.07425
  80.00000  188.00000    0.07613
  80.00000  190.00000    0.07425
  90.00000    2.00000    0.07075
  90.00000    4.00000    0.06887
  90.00000    6.00000    0.07075
  90.00000    8.00000    0.07075
  90.00000   10.00000    0.07048
  90.00000   12.00000    0.07048
  90.00000   14.00000    0.07048
  90.00000   16.00000    0.06860
  90.00000   18.00000    0.06779
  90.00000   20.00000    0.06699
  90.00000   22.00000    0.06914
  90.00000   24.00000    0.06537
  90.00000   26.00000    0.06537
  90.00000   28.00000    0.06349
  90.00000   30.00000    0.06591
  90.00000   32.00000    0.06080
  90.00000   34.00000    0.06080
  90.00000   36.00000    0.06080
  90.00000   38.00000    0.05945
  90.00000   40.00000    0.05730
  90.00000   44.00000    0.05945
  90.00000   46.00000    0.05730
  90.00000   48.00000    0.05891
  90.00000   50.00000    0.05461
  90.00000   52.00000    0.05865
  90.00000   56.00000    0.05031
  90.00000   58.00000    0.04869
  90.00000   60.00000    0.04923
  90.00000   62.00000    0.04869
  90.00000   64.00000    0.04950
  90.00000   66.00000    0.04143
  90.00000   68.00000    0.03981
  90.00000   72.00000    0.03901
  90.00000   74.00000    0.03793
  90.00000   76.00000    0.03739
  90.00000   78.00000    0.03793
  90.00000   80.00000    0.03390
  90.00000   82.00000    0.03201
  90.00000   84.00000    0.02636
  90.00000   86.00000    0.02233
  90.00000   88.00000    0.01291
  90.00000   92.00000    0.01910
  90.00000   94.00000    0.02529
  90.00000   96.00000    0.03336
  90.00000   98.00000    0.03601
  90.00000  100.00000    0.03390
  90.00000  102.00000    0.03417
  90.00000  104.00000    0.03551
  90.00000  106.00000    0.03524
  90.00000  108.00000    0.03524
  90.00000  110.00000    0.03793
  90.00000  112.00000    0.03928
  90.00000  114.00000    0.04035
  90.00000  118.00000    0.04331
  90.00000  120.00000    0.04304
  90.00000  122.00000    0.04331
  90.00000  124.00000    0.04466
  90.00000  126.00000    0.04519
  90.00000  128.00000    0.04573
  90.00000  130.00000    0.04788
  90.00000  132.00000    0.04896
  90.00000  134.00000    0.05084
  90.00000  136.00000    0.05084
  90.00000  140.00000    0.05165
  90.00000  144.00000    0.05596
  90.00000  146.00000    0.05918
  90.00000  148.00000    0.05891
  90.00000  150.00000    0.06026
  90.00000  152.00000    0.06322
  90.00000  154.00000    0.06322
  90.00000  156.00000    0.06403
  90.00000  158.00000    0.06376
  90.00000  160.00000    0.06268
  90.00000  162.00000    0.06376
  90.00000  164.00000    0.06429
  90.00000  166.00000    0.06456
  90.00000  168.00000    0.06591
  90.00000  170.00000    0.06887
  90.00000  172.00000    0.06914
  90.00000  174.00000    0.07048
  90.00000  176.00000    0.07156
  90.00000  178.00000    0.07425
  90.00000  180.00000    0.07452
  90.00000  182.00000    0.07452
  90.00000  184.00000    0.07640
  90.00000  186.00000    0.07371
  90.00000  188.00000    0.07102
  90.00000  190.00000    0.07129
 100.00000    2.00000    0.06699
 100.00000    4.00000    0.07021
 100.00000    6.00000    0.06725
 100.00000    8.00000    0.06725
 100.00000   10.00000    0.06887
 100.00000   12.00000    0.06779
 100.00000   14.00000    0.06806
 100.00000   16.00000    0.06779
 100.00000   18.00000    0.06860
 100.00000   20.00000    0.06672
 100.00000   22.00000    0.06403
 100.00000   24.00000    0.06187
 100.00000   26.00000    0.06376
 100.00000   28.00000    0.06376
 100.00000   30.00000    0.06483
 100.00000   32.00000    0.05757
 100.00000   34.00000    0.05757
 100.00000   36.00000    0.05703
 100.00000   38.00000    0.05703
 100.00000   40.00000    0.05327
 100.00000   42.00000    0.05327
 100.00000   44.00000    0.05380
 100.00000   46.00000    0.05515
 100.00000   48.00000    0.05542
 100.00000   50.00000    0.05300
 100.00000   52.00000    0.05596
 100.00000   56.00000    0.05031
 100.00000   58.00000    0.04842
 100.00000   60.00000    0.05004
 100.00000   62.00000    0.04681
 100.00000   64.00000    0.04815
 100.00000   66.00000    0.04250
 100.00000   68.00000    0.04116
 100.00000   72.00000    0.03739
 100.00000   74.00000    0.03739
 100.00000   76.00000    0.03820
 100.00000   78.00000    0.03901
 100.00000   80.00000    0.03470
 100.00000   82.00000    0.03417
 100.00000   84.00000    0.03067
 100.00000   86.00000    0.03363
 100.00000   88.00000    0.03282
 100.00000   90.00000    0.03417
 100.00000   92.00000    0.03417
 100.00000   94.00000    0.03067
 100.00000   96.00000    0.02421
 100.00000   98.00000    0.01506
 100.00000  104.00000    0.02098
 100.00000  106.00000    0.02233
 100.00000  108.00000    0.02529
 100.00000  110.00000    0.02798
 100.00000  112.00000    0.03255
 100.00000  114.00000    0.03390
 100.00000  116.00000    0.03578
 100.00000  118.00000    0.03847
 100.00000  120.00000    0.03847
 100.00000  122.00000    0.03928
 100.00000  124.00000    0.04197
 100.00000  126.00000    0.04170
 100.00000  128.00000    0.04089
 100.00000  130.00000    0.04385
 100.00000  132.00000    0.04385
 100.00000  134.00000    0.04681
 100.00000  136.00000    0.04573
 100.00000  138.00000    0.04708
 100.00000  142.00000    0.05246
 100.00000  144.00000    0.05246
 100.00000  146.00000    0.05434
 100.00000  148.00000    0.05246
 100.00000  150.00000    0.05461
 100.00000  152.00000    0.05649
 100.00000  154.00000    0.05811
 100.00000  156.00000    0.05945
 100.00000  158.00000    0.05730
 100.00000  160.00000    0.05703
 100.00000  162.00000    0.05891
 100.00000  164.00000    0.05891
 100.00000  166.00000    0.05945
 100.00000  168.00000    0.06187
 100.00000  170.00000    0.06322
 100.00000  172.00000    0.06241
 100.00000  174.00000    0.06349
 100.00000  176.00000    0.06456
 100.00000  178.00000    0.06833
 100.00000  180.00000    0.06833
 100.00000  182.00000    0.06699
 100.00000  184.00000    0.07048
 100.00000  186.00000    0.06914
 100.00000  188.00000    0.06914
 100.00000  190.00000    0.06699
 110.00000    6.00000    0.07479
 110.00000    8.00000    0.07613
 110.00000   10.00000    0.07532
 110.00000   12.00000    0.07371
 110.00000   14.00000    0.07371
 110.00000   16.00000    0.07425
 110.00000   18.00000    0.07398
 110.00000   20.00000    0.07640
 110.00000   22.00000    0.07048
 110.00000   24.00000    0.06994
 110.00000   26.00000    0.06994
 110.00000   28.00000    0.06779
 110.00000   30.00000    0.07129
 110.00000   32.00000    0.06537
 110.00000   34.00000    0.06672
 110.00000   36.00000    0.06510
 110.00000   38.00000    0.06268
 110.00000   40.00000    0.05972
 110.00000   44.00000    0.06349
 110.00000   46.00000    0.06080
 110.00000   50.00000    0.05703
 110.00000   52.00000    0.06160
 110.00000   56.00000    0.05569
 110.00000   58.00000    0.05353
 110.00000   60.00000    0.05380
 110.00000   62.00000    0.05246
 110.00000   66.00000    0.04896
 110.00000   68.00000    0.04600
 110.00000   72.00000    0.04277
 110.00000   74.00000    0.04170
 110.00000   76.00000    0.04143
 110.00000   78.00000    0.04277
 110.00000   80.00000    0.03928
 110.00000   82.00000    0.03847
 110.00000   84.00000    0.03632
 110.00000   86.00000    0.03739
 110.00000   88.00000    0.03686
 110.00000   90.00000    0.03659
 110.00000   92.00000    0.03470
 110.00000   94.00000    0.03497
 110.00000   96.00000    0.03551
 110.00000   98.00000    0.03282
 110.00000  100.00000    0.02771
 110.00000  102.00000    0.02502
 110.00000  104.00000    0.02233
 110.00000  106.00000    0.01802
 110.00000  108.00000    0.01345
 110.00000  112.00000    0.01345
 110.00000  114.00000    0.01641
 110.00000  116.00000    0.01937
 110.00000  118.00000    0.02179
 110.00000  120.00000    0.02448
 110.00000  122.00000    0.02583
 110.00000  124.00000    0.02878
 110.00000  126.00000    0.02986
 110.00000  128.00000    0.03309
 110.00000  130.00000    0.03766
 110.00000  132.00000    0.03847
 110.00000  134.00000    0.04224
 110.00000  136.00000    0.04197
 110.00000  138.00000    0.04143
 110.00000  142.00000    0.04923
 110.00000  144.00000    0.05192
 110.00000  146.00000    0.05434
 110.00000  148.00000    0.05111
 110.00000  150.00000    0.05111
 110.00000  152.00000    0.05596
 110.00000  154.00000    0.05649
 110.00000  156.00000    0.05622
 110.00000  158.00000    0.05676
 110.00000  160.00000    0.05596
 110.00000  162.00000    0.05757
 110.00000  164.00000    0.05757
 110.00000  166.00000    0.05757
 110.00000  168.00000    0.05972
 110.00000  170.00000    0.05999
 110.00000  172.00000    0.06080
 110.00000  174.00000    0.06295
 110.00000  176.00000    0.06268
 110.00000  178.00000    0.06510
 110.00000  180.00000    0.06510
 110.00000  182.00000    0.06483
 110.00000  184.00000    0.06725
 110.00000  186.00000    0.06429
 110.00000  188.00000    0.06564
 110.00000  190.00000    0.06483
 120.00000    4.00000    0.07425
 120.00000    6.00000    0.07694
 120.00000    8.00000    0.07586
 120.00000   10.00000    0.07694
 120.00000   12.00000    0.07532
 120.00000   14.00000    0.07479
 120.00000   16.00000    0.07586
 120.00000   18.00000    0.07667
 120.00000   20.00000    0.07721
 120.00000   22.00000    0.07559
 120.00000   24.00000    0.07156
 120.00000   26.00000    0.07156
 120.00000   28.00000    0.07075
 120.00000   30.00000    0.07075
 120.00000   32.00000    0.07021
 120.00000   34.00000    0.06994
 120.00000   36.00000    0.06968
 120.00000   38.00000    0.06699
 120.00000   40.00000    0.06618
 120.00000   44.00000    0.06672
 120.00000   46.00000    0.06537
 120.00000   50.00000    0.06187
 120.00000   52.00000    0.06187
 120.00000   56.00000    0.05918
 120.00000   58.00000    0.05838
 120.00000   60.00000    0.06214
 120.00000   62.00000    0.05999
 120.00000   64.00000    0.05918
 120.00000   66.00000    0.05327
 120.00000   68.00000    0.05058
 120.00000   70.00000    0.05461
 120.00000   72.00000    0.04708
 120.00000   74.00000    0.04708
 120.00000   76.00000    0.04600
 120.00000   78.00000    0.04519
 120.00000   80.00000    0.04331
 120.00000   82.00000    0.04089
 120.00000   84.00000    0.03820
 120.00000   86.00000    0.04116
 120.00000   88.00000    0.04008
 120.00000   90.00000    0.03955
 120.00000   92.00000    0.03928
 120.00000   94.00000    0.03955
 120.00000   96.00000    0.03928
 120.00000   98.00000    0.03955
 120.00000  100.00000    0.03739
 120.00000  102.00000    0.03470
 120.00000  104.00000    0.03309
 120.00000  106.00000    0.02852
 120.00000  108.00000    0.02663
 120.00000  110.00000    0.02260
 120.00000  112.00000    0.02206
 120.00000  114.00000    0.01856
 120.00000  116.00000    0.01560
 120.00000  118.00000    0.01291
 120.00000  122.00000    0.00942
 120.00000  124.00000    0.01372
 120.00000  126.00000    0.01480
 120.00000  128.00000    0.01802
 120.00000  130.00000    0.02502
 120.00000  132.00000    0.02609
 120.00000  134.00000    0.03013
 120.00000  136.00000    0.03147
 120.00000  138.00000    0.03309
 120.00000  140.00000    0.04170
 120.00000  142.00000    0.04358
 120.00000  144.00000    0.04493
 120.00000  146.00000    0.04627
 120.00000  148.00000    0.04654
 120.00000  150.00000    0.04842
 120.00000  152.00000    0.05031
 120.00000  154.00000    0.05219
 120.00000  156.00000    0.05407
 120.00000  158.00000    0.05353
 120.00000  160.00000    0.05380
 120.00000  162.00000    0.05407
 120.00000  164.00000    0.05596
 120.00000  166.00000    0.05676
 120.00000  168.00000    0.05784
 120.00000  170.00000    0.05945
 120.00000  172.00000    0.05945
 120.00000  174.00000    0.06053
 120.00000  176.00000    0.06134
 120.00000  178.00000    0.06268
 120.00000  180.00000    0.06295
 120.00000  182.00000    0.06483
 120.00000  184.00000    0.06376
 120.00000  186.00000    0.06295
 120.00000  188.00000    0.06429
 120.00000  190.00000    0.06268
 130.00000    6.00000    0.08400
 130.00000    8.00000    0.08454
 130.00000   10.00000    0.08535
 130.00000   12.00000    0.08400
 130.00000   14.00000    0.08373
 130.00000   16.00000    0.08319
 130.00000   18.00000    0.08669
 130.00000   20.00000    0.08642
 130.00000   22.00000    0.08373
 130.00000   24.00000    0.08050
 130.00000   26.00000    0.08158
 130.00000   28.00000    0.08131
 130.00000   30.00000    0.08266
 130.00000   32.00000    0.08024
 130.00000   34.00000    0.07889
 130.00000   36.00000    0.07889
 130.00000   38.00000    0.07808
 130.00000   40.00000    0.07398
 130.00000   42.00000    0.07183
 130.00000   44.00000    0.07290
 130.00000   46.00000    0.07183
 130.00000   50.00000    0.06887
 130.00000   60.00000    0.06403
 130.00000   66.00000    0.06080
 130.00000   68.00000    0.06053
 130.00000   72.00000    0.05542
 130.00000   74.00000    0.05353
 130.00000   76.00000    0.05246
 130.00000   78.00000    0.05138
 130.00000   80.00000    0.05138
 130.00000   82.00000    0.04923
 130.00000   84.00000    0.04923
 130.00000   86.00000    0.04762
 130.00000   88.00000    0.04788
 130.00000   90.00000    0.04681
 130.00000   92.00000    0.04681
 130.00000   94.00000    0.04519
 130.00000   96.00000    0.04627
 130.00000   98.00000    0.04493
 130.00000  102.00000    0.04654
 130.00000  104.00000    0.04358
 130.00000  106.00000    0.04062
 130.00000  110.00000    0.03793
 130.00000  112.00000    0.03659
 130.00000  114.00000    0.03417
 130.00000  116.00000    0.03067
 130.00000  118.00000    0.02878
 130.00000  120.00000    0.02421
 130.00000  122.00000    0.02098
 130.00000  124.00000    0.02045
 130.00000  126.00000    0.01560
 130.00000  128.00000    0.01211
 130.00000  132.00000    0.01287
 130.00000  134.00000    0.01906
 130.00000  136.00000    0.02067
 130.00000  138.00000    0.02336
 130.00000  140.00000    0.03224
 130.00000  142.00000    0.03439
 130.00000  144.00000    0.03708
 130.00000  146.00000    0.03950
 130.00000  148.00000    0.04085
 130.00000  150.00000    0.04219
 130.00000  152.00000    0.04435
 130.00000  154.00000    0.04677
 130.00000  156.00000    0.05000
 130.00000  158.00000    0.05053
 130.00000  160.00000    0.05134
 130.00000  162.00000    0.05215
 130.00000  164.00000    0.05511
 130.00000  166.00000    0.05538
 130.00000  168.00000    0.05672
 130.00000  170.00000    0.05914
 130.00000  172.00000    0.05968
 130.00000  174.00000    0.06129
 130.00000  176.00000    0.06264
 130.00000  178.00000    0.06560
 130.00000  180.00000    0.06587
 130.00000  182.00000    0.06668
 130.00000  184.00000    0.06748
 130.00000  186.00000    0.06587
 130.00000  188.00000    0.06721
 130.00000  190.00000    0.06641
 140.00000    6.00000    0.09378
 140.00000    8.00000    0.09265
 140.00000   10.00000    0.09265
 140.00000   12.00000    0.09227
 140.00000   14.00000    0.09152
 140.00000   16.00000    0.09303
 140.00000   18.00000    0.09265
 140.00000   20.00000    0.09453
 140.00000   22.00000    0.09077
 140.00000   24.00000    0.09077
 140.00000   26.00000    0.09039
 140.00000   28.00000    0.08813
 140.00000   30.00000    0.09039
 140.00000   32.00000    0.08700
 140.00000   34.00000    0.08399
 140.00000   36.00000    0.08549
 140.00000   38.00000    0.08323
 140.00000   40.00000    0.08060
 140.00000   44.00000    0.08323
 140.00000   46.00000    0.08071
 140.00000   56.00000    0.07532
 140.00000   58.00000    0.07344
 140.00000   60.00000    0.07613
 140.00000   62.00000    0.07371
 140.00000   64.00000    0.07506
 140.00000   66.00000    0.06887
 140.00000   68.00000    0.06752
 140.00000   72.00000    0.06295
 140.00000   74.00000    0.06214
 140.00000   76.00000    0.06053
 140.00000   78.00000    0.05811
 140.00000   80.00000    0.05972
 140.00000   82.00000    0.05757
 140.00000   84.00000    0.05353
 140.00000   86.00000    0.05596
 140.00000   88.00000    0.05407
 140.00000   90.00000    0.05327
 140.00000   92.00000    0.05488
 140.00000   94.00000    0.05219
 140.00000   96.00000    0.05192
 140.00000   98.00000    0.05084
 140.00000  100.00000    0.04950
 140.00000  102.00000    0.04977
 140.00000  104.00000    0.05004
 140.00000  106.00000    0.04869
 140.00000  108.00000    0.04735
 140.00000  110.00000    0.04519
 140.00000  112.00000    0.04762
 140.00000  114.00000    0.04600
 140.00000  116.00000    0.04385
 140.00000  118.00000    0.04358
 140.00000  120.00000    0.04035
 140.00000  122.00000    0.03739
 140.00000  124.00000    0.03578
 140.00000  126.00000    0.03282
 140.00000  128.00000    0.03363
 140.00000  130.00000    0.03094
 140.00000  132.00000    0.02556
 140.00000  134.00000    0.02206
 140.00000  136.00000    0.01695
 140.00000  138.00000    0.01211
 140.00000  142.00000    0.01770
 140.00000  144.00000    0.02222
 140.00000  146.00000    0.02523
 140.00000  148.00000    0.02674
 140.00000  150.00000    0.02900
 140.00000  152.00000    0.03277
 140.00000  154.00000    0.03616
 140.00000  156.00000    0.03992
 140.00000  158.00000    0.04256
 140.00000  160.00000    0.04294
 140.00000  162.00000    0.04632
 140.00000  164.00000    0.04858
 140.00000  166.00000    0.04971
 140.00000  168.00000    0.05160
 140.00000  170.00000    0.05423
 140.00000  172.00000    0.05612
 140.00000  174.00000    0.05800
 140.00000  176.00000    0.06064
 140.00000  178.00000    0.06252
 140.00000  180.00000    0.06440
 140.00000  182.00000    0.06629
 140.00000  184.00000    0.06666
 140.00000  186.00000    0.06742
 140.00000  188.00000    0.06892
 140.00000  190.00000    0.06704
 150.00000    4.00000    0.09359
 150.00000    6.00000    0.09741
 150.00000    8.00000    0.09626
 150.00000   10.00000    0.09665
 150.00000   14.00000    0.09512
 150.00000   16.00000    0.09512
 150.00000   18.00000    0.09512
 150.00000   20.00000    0.09626
 150.00000   22.00000    0.09435
 150.00000   24.00000    0.09321
 150.00000   28.00000    0.09283
 150.00000   30.00000    0.09168
 150.00000   32.00000    0.08862
 150.00000   34.00000    0.08977
 150.00000   36.00000    0.08710
 150.00000   38.00000    0.08671
 150.00000   40.00000    0.08519
 150.00000   42.00000    0.08289
 150.00000   44.00000    0.08633
 150.00000   46.00000    0.08671
 150.00000   48.00000    0.08862
 150.00000   50.00000    0.08519
 150.00000   52.00000    0.08662
 150.00000   72.00000    0.06672
 150.00000   74.00000    0.06537
 150.00000   76.00000    0.06537
 150.00000   78.00000    0.06295
 150.00000   80.00000    0.06241
 150.00000   82.00000    0.06026
 150.00000   84.00000    0.05945
 150.00000   86.00000    0.06026
 150.00000   88.00000    0.05918
 150.00000   90.00000    0.05865
 150.00000   92.00000    0.05757
 150.00000   94.00000    0.05757
 150.00000   96.00000    0.05703
 150.00000   98.00000    0.05542
 150.00000  100.00000    0.05434
 150.00000  102.00000    0.05353
 150.00000  104.00000    0.05273
 150.00000  106.00000    0.05300
 150.00000  108.00000    0.05380
 150.00000  112.00000    0.05380
 150.00000  114.00000    0.05300
 150.00000  118.00000    0.05084
 150.00000  120.00000    0.04762
 150.00000  122.00000    0.04627
 150.00000  124.00000    0.04600
 150.00000  126.00000    0.04224
 150.00000  128.00000    0.04385
 150.00000  130.00000    0.04197
 150.00000  132.00000    0.03820
 150.00000  134.00000    0.03551
 150.00000  136.00000    0.03228
 150.00000  138.00000    0.03040
 150.00000  140.00000    0.02986
 150.00000  142.00000    0.02609
 150.00000  144.00000    0.02206
 150.00000  146.00000    0.01614
 150.00000  148.00000    0.01453
 150.00000  152.00000    0.01146
 150.00000  154.00000    0.01452
 150.00000  156.00000    0.01872
 150.00000  158.00000    0.02216
 150.00000  160.00000    0.02559
 150.00000  162.00000    0.02865
 150.00000  164.00000    0.03018
 150.00000  166.00000    0.03323
 150.00000  168.00000    0.03629
 150.00000  170.00000    0.04049
 150.00000  172.00000    0.04164
 150.00000  174.00000    0.04393
 150.00000  176.00000    0.04660
 150.00000  178.00000    0.04966
 150.00000  180.00000    0.05195
 150.00000  182.00000    0.05501
 150.00000  184.00000    0.05615
 150.00000  186.00000    0.05615
 150.00000  188.00000    0.06036
 150.00000  190.00000    0.05997
 160.00000    8.00000    0.10281
 160.00000   10.00000    0.10255
 160.00000   12.00000    0.10120
 160.00000   14.00000    0.10039
 160.00000   16.00000    0.10012
 160.00000   18.00000    0.09986
 160.00000   20.00000    0.09878
 160.00000   22.00000    0.09770
 160.00000   24.00000    0.09474
 160.00000   26.00000    0.09636
 160.00000   30.00000    0.09394
 160.00000   32.00000    0.09098
 160.00000   34.00000    0.09178
 160.00000   36.00000    0.08990
 160.00000   38.00000    0.08936
 160.00000   40.00000    0.08748
 160.00000   44.00000    0.08721
 160.00000   46.00000    0.08678
 160.00000   50.00000    0.08624
 160.00000   56.00000    0.08140
 160.00000   58.00000    0.07925
 160.00000   60.00000    0.08140
 160.00000   62.00000    0.07979
 160.00000   64.00000    0.08086
 160.00000   66.00000    0.07387
 160.00000   68.00000    0.07225
 160.00000   72.00000    0.06876
 160.00000   74.00000    0.06849
 160.00000   76.00000    0.06876
 160.00000   78.00000    0.06768
 160.00000   80.00000    0.06634
 160.00000   82.00000    0.06338
 160.00000   84.00000    0.06257
 160.00000   86.00000    0.06365
 160.00000   88.00000    0.06472
 160.00000   90.00000    0.06499
 160.00000   92.00000    0.06365
 160.00000   94.00000    0.06042
 160.00000   96.00000    0.06015
 160.00000   98.00000    0.05800
 160.00000  100.00000    0.05719
 160.00000  102.00000    0.05719
 160.00000  104.00000    0.05719
 160.00000  106.00000    0.05584
 160.00000  108.00000    0.05584
 160.00000  110.00000    0.05531
 160.00000  112.00000    0.05719
 160.00000  114.00000    0.05558
 160.00000  116.00000    0.05800
 160.00000  118.00000    0.05638
 160.00000  120.00000    0.05369
 160.00000  122.00000    0.05315
 160.00000  124.00000    0.05477
 160.00000  126.00000    0.05219
 160.00000  128.00000    0.05300
 160.00000  130.00000    0.05138
 160.00000  132.00000    0.04896
 160.00000  134.00000    0.04869
 160.00000  136.00000    0.04654
 160.00000  138.00000    0.04546
 160.00000  140.00000    0.04546
 160.00000  142.00000    0.04304
 160.00000  144.00000    0.03874
 160.00000  146.00000    0.03417
 160.00000  148.00000    0.03040
 160.00000  150.00000    0.02636
 160.00000  152.00000    0.02179
 160.00000  154.00000    0.01883
 160.00000  156.00000    0.01372
 160.00000  158.00000    0.01076
 160.00000  162.00000    0.01199
 160.00000  164.00000    0.01387
 160.00000  166.00000    0.01683
 160.00000  168.00000    0.02060
 160.00000  170.00000    0.02383
 160.00000  172.00000    0.02652
 160.00000  174.00000    0.03028
 160.00000  176.00000    0.03243
 160.00000  178.00000    0.03647
 160.00000  180.00000    0.03916
 160.00000  182.00000    0.04239
 160.00000  184.00000    0.04481
 160.00000  186.00000    0.04454
 160.00000  188.00000    0.04804
 160.00000  190.00000    0.04804
 170.00000    2.00000    0.10371
 170.00000    4.00000    0.10452
 170.00000    6.00000    0.10479
 170.00000    8.00000    0.10452
 170.00000   10.00000    0.10532
 170.00000   14.00000    0.09994
 170.00000   16.00000    0.10048
 170.00000   18.00000    0.10237
 170.00000   20.00000    0.10075
 170.00000   22.00000    0.09914
 170.00000   24.00000    0.09618
 170.00000   26.00000    0.09806
 170.00000   28.00000    0.09699
 170.00000   30.00000    0.09672
 170.00000   32.00000    0.09322
 170.00000   34.00000    0.09107
 170.00000   36.00000    0.09107
 170.00000   38.00000    0.09080
 170.00000   40.00000    0.08865
 170.00000   44.00000    0.08784
 170.00000   46.00000    0.08811
 170.00000   48.00000    0.08972
 170.00000   50.00000    0.08999
 170.00000   56.00000    0.08219
 170.00000   58.00000    0.08058
 170.00000   60.00000    0.08300
 170.00000   62.00000    0.08017
 170.00000   64.00000    0.08124
 170.00000   66.00000    0.07425
 170.00000   68.00000    0.07237
 170.00000   72.00000    0.07075
 170.00000   74.00000    0.07075
 170.00000   76.00000    0.07021
 170.00000   78.00000    0.06968
 170.00000   80.00000    0.06699
 170.00000   82.00000    0.06483
 170.00000   84.00000    0.06403
 170.00000   86.00000    0.06618
 170.00000   88.00000    0.06645
 170.00000   90.00000    0.06645
 170.00000   94.00000    0.06187
 170.00000   96.00000    0.06134
 170.00000   98.00000    0.06134
 170.00000  100.00000    0.05918
 170.00000  102.00000    0.05891
 170.00000  104.00000    0.05838
 170.00000  106.00000    0.05891
 170.00000  108.00000    0.05838
 170.00000  110.00000    0.05891
 170.00000  112.00000    0.05945
 170.00000  114.00000    0.05945
 170.00000  116.00000    0.06026
 170.00000  118.00000    0.05972
 170.00000  120.00000    0.05838
 170.00000  122.00000    0.05811
 170.00000  124.00000    0.05784
 170.00000  126.00000    0.05649
 170.00000  128.00000    0.05838
 170.00000  130.00000    0.05918
 170.00000  132.00000    0.05596
 170.00000  134.00000    0.05542
 170.00000  138.00000    0.05434
 170.00000  140.00000    0.05461
 170.00000  142.00000    0.05192
 170.00000  144.00000    0.04923
 170.00000  146.00000    0.04627
 170.00000  148.00000    0.04277
 170.00000  150.00000    0.04008
 170.00000  152.00000    0.03470
 170.00000  154.00000    0.03174
 170.00000  156.00000    0.02771
 170.00000  158.00000    0.02690
 170.00000  160.00000    0.02394
 170.00000  162.00000    0.02179
 170.00000  164.00000    0.01668
 170.00000  166.00000    0.01399
 170.00000  168.00000    0.01049
 170.00000  172.00000    0.01134
 170.00000  174.00000    0.01591
 170.00000  176.00000    0.01860
 170.00000  178.00000    0.02264
 170.00000  180.00000    0.02587
 170.00000  182.00000    0.02775
 170.00000  184.00000    0.03125
 170.00000  186.00000    0.03421
 170.00000  188.00000    0.03636
 170.00000  190.00000    0.03663
 180.00000    4.00000    0.11037
 180.00000    6.00000    0.11010
 180.00000    8.00000    0.10956
 180.00000   10.00000    0.11306
 180.00000   12.00000    0.10902
 180.00000   14.00000    0.10768
 180.00000   16.00000    0.10875
 180.00000   18.00000    0.10741
 180.00000   20.00000    0.10687
 180.00000   22.00000    0.10552
 180.00000   56.00000    0.08804
 180.00000   58.00000    0.08696
 180.00000   60.00000    0.08965
 180.00000   62.00000    0.08588
 180.00000   64.00000    0.08696
 180.00000   66.00000    0.08050
 180.00000   68.00000    0.07835
 180.00000   72.00000    0.07566
 180.00000   74.00000    0.07486
 180.00000   76.00000    0.07539
 180.00000   78.00000    0.07566
 180.00000   80.00000    0.07351
 180.00000   82.00000    0.07190
 180.00000   84.00000    0.06894
 180.00000   86.00000    0.07190
 180.00000   88.00000    0.07163
 180.00000   90.00000    0.07109
 180.00000   92.00000    0.07055
 180.00000   94.00000    0.06894
 180.00000   96.00000    0.06894
 180.00000   98.00000    0.06625
 180.00000  100.00000    0.06571
 180.00000  102.00000    0.06517
 180.00000  104.00000    0.06490
 180.00000  106.00000    0.06463
 180.00000  108.00000    0.06490
 180.00000  110.00000    0.06356
 180.00000  112.00000    0.06463
 180.00000  114.00000    0.06275
 180.00000  116.00000    0.06248
 180.00000  118.00000    0.06383
 180.00000  120.00000    0.06221
 180.00000  122.00000    0.06221
 180.00000  124.00000    0.06356
 180.00000  126.00000    0.06114
 180.00000  128.00000    0.06436
 180.00000  130.00000    0.06571
 180.00000  132.00000    0.06295
 180.00000  134.00000    0.06268
 180.00000  136.00000    0.06107
 180.00000  138.00000    0.06107
 180.00000  140.00000    0.06618
 180.00000  142.00000    0.06214
 180.00000  144.00000    0.06026
 180.00000  146.00000    0.05730
 180.00000  148.00000    0.05219
 180.00000  150.00000    0.05192
 180.00000  152.00000    0.04869
 180.00000  154.00000    0.04681
 180.00000  156.00000    0.04493
 180.00000  158.00000    0.04143
 180.00000  160.00000    0.03820
 180.00000  162.00000    0.03470
 180.00000  164.00000    0.03174
 180.00000  166.00000    0.02959
 180.00000  168.00000    0.02690
 180.00000  170.00000    0.02502
 180.00000  172.00000    0.02071
 180.00000  174.00000    0.01856
 180.00000  176.00000    0.01587
 180.00000  178.00000    0.00968
 180.00000  182.00000    0.01049
 180.00000  184.00000    0.01560
 180.00000  186.00000    0.01829
 180.00000  188.00000    0.02071
