   0.00000    1.00000    0.00377
   0.00000    2.00000    0.00995
   0.00000    4.00000    0.01506
   0.00000    6.00000    0.01614
   0.00000    8.00000    0.01937
   0.00000   10.00000    0.02287
   0.00000   12.00000    0.02609
   0.00000   14.00000    0.02905
   0.00000   16.00000    0.03201
   0.00000   18.00000    0.03470
   0.00000   20.00000    0.03605
   0.00000   22.00000    0.03955
   0.00000   24.00000    0.03955
   0.00000   26.00000    0.04143
   0.00000   28.00000    0.04412
   0.00000   30.00000    0.04493
   0.00000   32.00000    0.04546
   0.00000   34.00000    0.04546
   0.00000   38.00000    0.04412
   0.00000   40.00000    0.04385
   0.00000   42.00000    0.04519
   0.00000   44.00000    0.04654
   0.00000   46.00000    0.04815
   0.00000   48.00000    0.04735
   0.00000   50.00000    0.04681
   0.00000   52.00000    0.04788
   0.00000   54.00000    0.04762
   0.00000   56.00000    0.04762
   0.00000   58.00000    0.04600
   0.00000   62.00000    0.04869
   0.00000   66.00000    0.04546
   0.00000   68.00000    0.04466
   0.00000   70.00000    0.04466
   0.00000   72.00000    0.04304
   0.00000   74.00000    0.04304
   0.00000   76.00000    0.04304
   0.00000   78.00000    0.04412
   0.00000   80.00000    0.04331
   0.00000   82.00000    0.04035
   0.00000   84.00000    0.04170
   0.00000   86.00000    0.04250
   0.00000   88.00000    0.04304
   0.00000   90.00000    0.04466
   0.00000   92.00000    0.04493
   0.00000   94.00000    0.04466
   0.00000   96.00000    0.04439
   0.00000   98.00000    0.04385
   0.00000  100.00000    0.04385
   0.00000  102.00000    0.04466
   0.00000  104.00000    0.04627
   0.00000  106.00000    0.04627
   0.00000  108.00000    0.04762
   0.00000  110.00000    0.04896
   0.00000  112.00000    0.04896
   0.00000  114.00000    0.04896
   0.00000  118.00000    0.05192
   0.00000  120.00000    0.05273
   0.00000  122.00000    0.05219
   0.00000  124.00000    0.05273
   0.00000  126.00000    0.05300
  10.00000    2.00000    0.01964
  10.00000    4.00000    0.01695
  10.00000    6.00000    0.01211
  10.00000    8.00000    0.00592
  10.00000   12.00000    0.00699
  10.00000   14.00000    0.01345
  10.00000   16.00000    0.01641
  10.00000   18.00000    0.02206
  10.00000   20.00000    0.02583
  10.00000   22.00000    0.02905
  10.00000   24.00000    0.03121
  10.00000   26.00000    0.03390
  10.00000   28.00000    0.03632
  10.00000   30.00000    0.03793
  10.00000   32.00000    0.04062
  10.00000   34.00000    0.04250
  10.00000   36.00000    0.04331
  10.00000   38.00000    0.04304
  10.00000   40.00000    0.04331
  10.00000   42.00000    0.04493
  10.00000   44.00000    0.04654
  10.00000   46.00000    0.04842
  10.00000   48.00000    0.04869
  10.00000   50.00000    0.04815
  10.00000   52.00000    0.04788
  10.00000   54.00000    0.04788
  10.00000   56.00000    0.04815
  10.00000   58.00000    0.04600
  10.00000   60.00000    0.04869
  10.00000   62.00000    0.04896
  10.00000   64.00000    0.04950
  10.00000   66.00000    0.04654
  10.00000   68.00000    0.04519
  10.00000   70.00000    0.04493
  10.00000   72.00000    0.04331
  10.00000   74.00000    0.04250
  10.00000   76.00000    0.04331
  10.00000   78.00000    0.04412
  10.00000   80.00000    0.04439
  10.00000   82.00000    0.04143
  10.00000   84.00000    0.04116
  10.00000   86.00000    0.04250
  10.00000   88.00000    0.04116
  10.00000   90.00000    0.04439
  10.00000   92.00000    0.04600
  10.00000   94.00000    0.04627
  10.00000   96.00000    0.04627
  10.00000   98.00000    0.04573
  10.00000  100.00000    0.04546
  10.00000  102.00000    0.04546
  10.00000  104.00000    0.04600
  10.00000  106.00000    0.04681
  10.00000  108.00000    0.04708
  10.00000  110.00000    0.04977
  10.00000  112.00000    0.05165
  10.00000  114.00000    0.05219
  10.00000  116.00000    0.05219
  10.00000  118.00000    0.05300
  10.00000  120.00000    0.05300
  10.00000  122.00000    0.05273
  10.00000  124.00000    0.05407
  10.00000  126.00000    0.05488
  10.00000  128.00000    0.05569
  10.00000  130.00000    0.05649
  10.00000  132.00000    0.05757
  10.00000  134.00000    0.05865
  10.00000  138.00000    0.05972
  20.00000    2.00000    0.03470
  20.00000    4.00000    0.03282
  20.00000    6.00000    0.03013
  20.00000    8.00000    0.02905
  20.00000   10.00000    0.02636
  20.00000   12.00000    0.02260
  20.00000   14.00000    0.01910
  20.00000   16.00000    0.01345
  20.00000   18.00000    0.00619
  20.00000   22.00000    0.00753
  20.00000   24.00000    0.01237
  20.00000   26.00000    0.01991
  20.00000   28.00000    0.02287
  20.00000   30.00000    0.02502
  20.00000   32.00000    0.03067
  20.00000   36.00000    0.03470
  20.00000   38.00000    0.03739
  20.00000   40.00000    0.03901
  20.00000   42.00000    0.04089
  20.00000   44.00000    0.04385
  20.00000   46.00000    0.04708
  20.00000   48.00000    0.04842
  20.00000   50.00000    0.05004
  20.00000   52.00000    0.05058
  20.00000   54.00000    0.04977
  20.00000   56.00000    0.04842
  20.00000   58.00000    0.04573
  20.00000   60.00000    0.04842
  20.00000   62.00000    0.05031
  20.00000   64.00000    0.05058
  20.00000   66.00000    0.04735
  20.00000   68.00000    0.04546
  20.00000   70.00000    0.04546
  20.00000   72.00000    0.04331
  20.00000   74.00000    0.04735
  20.00000   76.00000    0.04304
  20.00000   78.00000    0.04304
  20.00000   80.00000    0.04385
  20.00000   82.00000    0.04250
  20.00000   84.00000    0.04089
  20.00000   86.00000    0.04385
  20.00000   88.00000    0.04412
  20.00000   90.00000    0.04493
  20.00000   92.00000    0.04654
  20.00000   94.00000    0.04546
  20.00000   96.00000    0.04573
  20.00000   98.00000    0.04681
  20.00000  100.00000    0.04627
  20.00000  102.00000    0.04627
  20.00000  104.00000    0.04708
  20.00000  106.00000    0.04735
  20.00000  108.00000    0.04815
  20.00000  110.00000    0.04869
  20.00000  112.00000    0.05004
  20.00000  114.00000    0.05004
  20.00000  116.00000    0.04788
  30.00000    2.00000    0.04412
  30.00000    4.00000    0.04331
  30.00000    6.00000    0.04089
  30.00000    8.00000    0.03981
  30.00000   10.00000    0.03874
  30.00000   12.00000    0.03686
  30.00000   14.00000    0.03524
  30.00000   16.00000    0.03094
  30.00000   18.00000    0.02878
  30.00000   20.00000    0.02583
  30.00000   22.00000    0.02098
  30.00000   24.00000    0.01641
  30.00000   26.00000    0.01157
  30.00000   28.00000    0.00646
  30.00000   34.00000    0.01022
  30.00000   36.00000    0.01533
  30.00000   38.00000    0.01937
  30.00000   40.00000    0.02206
  30.00000   42.00000    0.02636
  30.00000   44.00000    0.02959
  30.00000   46.00000    0.03309
  30.00000   48.00000    0.03686
  30.00000   50.00000    0.04062
  30.00000   52.00000    0.04331
  30.00000   54.00000    0.04439
  30.00000   56.00000    0.04493
  30.00000   58.00000    0.04170
  30.00000   60.00000    0.04493
  30.00000   62.00000    0.04493
  30.00000   64.00000    0.04546
  30.00000   66.00000    0.04304
  30.00000   68.00000    0.04116
  30.00000   70.00000    0.04035
  30.00000   72.00000    0.03901
  30.00000   74.00000    0.03874
  30.00000   76.00000    0.03901
  30.00000   78.00000    0.03928
  30.00000   80.00000    0.03901
  30.00000   82.00000    0.03847
  30.00000   84.00000    0.03793
  30.00000   86.00000    0.03955
  30.00000   88.00000    0.03955
  30.00000   90.00000    0.04089
  30.00000   92.00000    0.04143
  30.00000   94.00000    0.04143
  30.00000   96.00000    0.04143
  30.00000   98.00000    0.04116
  30.00000  100.00000    0.04170
  30.00000  102.00000    0.04197
  30.00000  104.00000    0.04224
  30.00000  106.00000    0.04331
  30.00000  108.00000    0.04412
  30.00000  110.00000    0.04439
  30.00000  112.00000    0.04519
  30.00000  114.00000    0.04654
  30.00000  116.00000    0.04708
  30.00000  118.00000    0.04842
  30.00000  120.00000    0.05004
  30.00000  122.00000    0.04977
  30.00000  124.00000    0.04950
  30.00000  126.00000    0.05058
  30.00000  132.00000    0.05353
  30.00000  134.00000    0.05488
  30.00000  140.00000    0.05784
  30.00000  142.00000    0.05838
  30.00000  146.00000    0.06026
  30.00000  148.00000    0.06403
  30.00000  150.00000    0.06456
  30.00000  152.00000    0.06672
  30.00000  154.00000    0.06564
  40.00000    2.00000    0.04331
  40.00000    4.00000    0.04277
  40.00000    6.00000    0.04224
  40.00000    8.00000    0.04385
  40.00000   10.00000    0.04385
  40.00000   12.00000    0.04385
  40.00000   14.00000    0.04197
  40.00000   16.00000    0.04116
  40.00000   18.00000    0.04089
  40.00000   20.00000    0.03901
  40.00000   22.00000    0.03524
  40.00000   24.00000    0.03201
  40.00000   26.00000    0.02905
  40.00000   28.00000    0.02556
  40.00000   30.00000    0.02125
  40.00000   32.00000    0.01937
  40.00000   34.00000    0.01506
  40.00000   36.00000    0.01264
  40.00000   38.00000    0.00619
  40.00000   42.00000    0.00430
  40.00000   44.00000    0.01022
  40.00000   46.00000    0.01533
  40.00000   48.00000    0.02018
  40.00000   50.00000    0.02340
  40.00000   52.00000    0.02798
  40.00000   54.00000    0.03174
  40.00000   56.00000    0.03497
  40.00000   58.00000    0.03578
  40.00000   60.00000    0.04062
  40.00000   62.00000    0.03981
  40.00000   64.00000    0.04062
  40.00000   66.00000    0.03847
  40.00000   68.00000    0.03524
  40.00000   70.00000    0.03524
  40.00000   72.00000    0.03390
  40.00000   74.00000    0.03390
  40.00000   76.00000    0.03363
  40.00000   78.00000    0.03524
  40.00000   80.00000    0.03336
  40.00000   82.00000    0.03174
  40.00000   84.00000    0.03094
  40.00000   86.00000    0.03363
  40.00000   88.00000    0.03470
  40.00000   90.00000    0.03551
  40.00000   92.00000    0.03686
  40.00000   94.00000    0.03686
  40.00000   96.00000    0.03632
  40.00000   98.00000    0.03659
  40.00000  100.00000    0.03605
  40.00000  102.00000    0.03605
  40.00000  104.00000    0.03605
  40.00000  106.00000    0.03712
  40.00000  108.00000    0.03766
  40.00000  110.00000    0.03901
  40.00000  112.00000    0.04062
  40.00000  114.00000    0.04170
  40.00000  116.00000    0.04385
  40.00000  118.00000    0.04412
  40.00000  120.00000    0.04466
  40.00000  122.00000    0.04466
  40.00000  124.00000    0.04493
  40.00000  126.00000    0.04600
  40.00000  132.00000    0.04842
  40.00000  134.00000    0.05031
  40.00000  140.00000    0.05461
  40.00000  142.00000    0.05649
  40.00000  144.00000    0.05784
  50.00000    2.00000    0.04815
  50.00000    4.00000    0.04815
  50.00000    6.00000    0.04842
  50.00000    8.00000    0.04842
  50.00000   10.00000    0.04842
  50.00000   12.00000    0.04815
  50.00000   14.00000    0.04735
  50.00000   16.00000    0.04788
  50.00000   18.00000    0.04842
  50.00000   20.00000    0.04896
  50.00000   22.00000    0.04896
  50.00000   24.00000    0.04600
  50.00000   26.00000    0.04412
  50.00000   28.00000    0.04224
  50.00000   32.00000    0.03766
  50.00000   34.00000    0.03363
  50.00000   36.00000    0.03174
  50.00000   38.00000    0.02905
  50.00000   40.00000    0.02609
  50.00000   42.00000    0.02233
  50.00000   44.00000    0.01856
  50.00000   46.00000    0.01614
  50.00000   48.00000    0.00915
  50.00000   52.00000    0.00484
  50.00000   54.00000    0.01345
  50.00000   56.00000    0.01722
  50.00000   58.00000    0.02098
  50.00000   60.00000    0.02717
  50.00000   62.00000    0.03040
  50.00000   64.00000    0.03497
  50.00000   66.00000    0.03686
  50.00000   68.00000    0.03551
  50.00000   70.00000    0.03497
  50.00000   72.00000    0.03417
  50.00000   74.00000    0.03309
  50.00000   76.00000    0.03309
  50.00000   78.00000    0.03336
  50.00000   80.00000    0.03417
  50.00000   82.00000    0.03282
  50.00000   84.00000    0.03147
  50.00000   86.00000    0.03282
  50.00000   88.00000    0.03255
  50.00000   90.00000    0.03443
  50.00000   92.00000    0.03336
  50.00000   96.00000    0.03470
  50.00000   98.00000    0.03578
  50.00000  100.00000    0.03470
  50.00000  102.00000    0.03632
  50.00000  104.00000    0.03632
  50.00000  106.00000    0.03739
  50.00000  108.00000    0.03874
  50.00000  110.00000    0.04035
  50.00000  112.00000    0.04224
  50.00000  114.00000    0.04277
  50.00000  116.00000    0.04331
  50.00000  118.00000    0.04439
  50.00000  120.00000    0.04519
  50.00000  122.00000    0.04519
  50.00000  124.00000    0.04573
  50.00000  126.00000    0.04546
  60.00000    2.00000    0.04923
  60.00000    4.00000    0.04788
  60.00000    6.00000    0.04815
  60.00000    8.00000    0.04869
  60.00000   10.00000    0.04923
  60.00000   12.00000    0.04977
  60.00000   14.00000    0.05004
  60.00000   16.00000    0.04923
  60.00000   18.00000    0.04950
  60.00000   20.00000    0.04950
  60.00000   22.00000    0.04735
  60.00000   24.00000    0.04627
  60.00000   26.00000    0.04546
  60.00000   28.00000    0.04466
  60.00000   30.00000    0.04385
  60.00000   32.00000    0.04385
  60.00000   34.00000    0.04170
  60.00000   36.00000    0.04143
  60.00000   38.00000    0.04277
  60.00000   40.00000    0.04143
  60.00000   42.00000    0.03955
  60.00000   44.00000    0.03793
  60.00000   46.00000    0.03605
  60.00000   48.00000    0.03147
  60.00000   50.00000    0.02690
  60.00000   52.00000    0.02314
  60.00000   54.00000    0.01776
  60.00000   56.00000    0.01237
  60.00000   58.00000    0.00807
  60.00000   62.00000    0.00565
  60.00000   64.00000    0.01237
  60.00000   66.00000    0.01641
  60.00000   68.00000    0.01937
  60.00000   70.00000    0.02421
  60.00000   72.00000    0.02717
  60.00000   74.00000    0.02905
  60.00000   76.00000    0.03067
  60.00000   78.00000    0.03309
  60.00000   80.00000    0.03228
  60.00000   82.00000    0.03040
  60.00000   84.00000    0.02959
  60.00000   86.00000    0.03121
  60.00000   88.00000    0.03282
  60.00000   90.00000    0.03470
  60.00000   92.00000    0.03443
  60.00000   94.00000    0.03363
  60.00000   96.00000    0.03363
  60.00000   98.00000    0.03497
  60.00000  100.00000    0.03470
  60.00000  102.00000    0.03497
  60.00000  104.00000    0.03470
  60.00000  106.00000    0.03497
  60.00000  108.00000    0.03524
  60.00000  110.00000    0.03874
  60.00000  112.00000    0.03928
  60.00000  114.00000    0.04008
  60.00000  116.00000    0.04062
  60.00000  118.00000    0.04089
  60.00000  120.00000    0.04224
  60.00000  122.00000    0.04143
  60.00000  124.00000    0.04170
  60.00000  126.00000    0.04197
  60.00000  128.00000    0.04250
  60.00000  132.00000    0.04573
  60.00000  134.00000    0.04573
  60.00000  140.00000    0.05084
  60.00000  142.00000    0.05246
  60.00000  144.00000    0.05219
  60.00000  146.00000    0.05461
  60.00000  148.00000    0.05569
  60.00000  150.00000    0.05865
  60.00000  152.00000    0.05918
  70.00000    2.00000    0.04573
  70.00000    4.00000    0.04519
  70.00000    6.00000    0.04412
  70.00000    8.00000    0.04466
  70.00000   10.00000    0.04466
  70.00000   12.00000    0.04466
  70.00000   14.00000    0.04466
  70.00000   16.00000    0.04466
  70.00000   18.00000    0.04546
  70.00000   20.00000    0.04466
  70.00000   22.00000    0.04277
  70.00000   24.00000    0.04143
  70.00000   26.00000    0.04035
  70.00000   28.00000    0.04035
  70.00000   32.00000    0.03955
  70.00000   36.00000    0.03847
  70.00000   38.00000    0.03820
  70.00000   40.00000    0.03578
  70.00000   42.00000    0.03739
  70.00000   44.00000    0.03712
  70.00000   46.00000    0.03659
  70.00000   48.00000    0.03632
  70.00000   50.00000    0.03524
  70.00000   52.00000    0.03847
  70.00000   54.00000    0.03605
  70.00000   56.00000    0.03309
  70.00000   58.00000    0.02798
  70.00000   60.00000    0.02475
  70.00000   62.00000    0.02098
  70.00000   64.00000    0.01695
  70.00000   66.00000    0.01076
  70.00000   68.00000    0.00484
  70.00000   72.00000    0.00673
  70.00000   74.00000    0.01049
  70.00000   76.00000    0.01453
  70.00000   78.00000    0.01937
  70.00000   80.00000    0.02233
  70.00000   82.00000    0.02287
  70.00000   84.00000    0.02287
  70.00000   86.00000    0.02340
  70.00000   88.00000    0.02475
  70.00000   90.00000    0.02609
  70.00000   92.00000    0.02690
  70.00000   94.00000    0.02744
  70.00000   96.00000    0.02771
  70.00000   98.00000    0.02744
  70.00000  100.00000    0.02717
  70.00000  102.00000    0.02636
  70.00000  104.00000    0.02690
  70.00000  106.00000    0.02717
  70.00000  108.00000    0.02771
  70.00000  110.00000    0.02959
  70.00000  112.00000    0.03013
  70.00000  114.00000    0.03174
  70.00000  116.00000    0.03255
  70.00000  118.00000    0.03309
  70.00000  120.00000    0.03363
  70.00000  122.00000    0.03390
  70.00000  124.00000    0.03443
  70.00000  126.00000    0.03551
  70.00000  128.00000    0.03605
  70.00000  132.00000    0.03793
  70.00000  134.00000    0.03901
  70.00000  140.00000    0.04412
  70.00000  142.00000    0.04600
  70.00000  144.00000    0.04600
  70.00000  146.00000    0.04681
  70.00000  148.00000    0.04788
  70.00000  150.00000    0.05058
  70.00000  152.00000    0.05165
  70.00000  154.00000    0.05111
  70.00000  158.00000    0.05219
  70.00000  160.00000    0.05219
  70.00000  162.00000    0.05084
  70.00000  164.00000    0.05058
  70.00000  166.00000    0.05031
  70.00000  168.00000    0.04977
  70.00000  170.00000    0.05111
  70.00000  172.00000    0.05138
  70.00000  174.00000    0.05192
  70.00000  176.00000    0.05246
  70.00000  178.00000    0.05246
  70.00000  180.00000    0.05300
  70.00000  182.00000    0.05488
  70.00000  184.00000    0.05515
  70.00000  186.00000    0.05676
  70.00000  188.00000    0.05596
  80.00000    2.00000    0.04197
  80.00000    4.00000    0.04358
  80.00000    6.00000    0.04250
  80.00000    8.00000    0.04385
  80.00000   10.00000    0.04519
  80.00000   12.00000    0.04331
  80.00000   14.00000    0.04439
  80.00000   16.00000    0.04304
  80.00000   18.00000    0.04304
  80.00000   20.00000    0.04439
  80.00000   22.00000    0.04197
  80.00000   24.00000    0.03981
  80.00000   26.00000    0.03981
  80.00000   28.00000    0.03955
  80.00000   30.00000    0.03874
  80.00000   32.00000    0.03793
  80.00000   34.00000    0.03605
  80.00000   36.00000    0.03551
  80.00000   38.00000    0.03551
  80.00000   40.00000    0.03470
  80.00000   42.00000    0.03524
  80.00000   44.00000    0.03470
  80.00000   46.00000    0.03497
  80.00000   48.00000    0.03443
  80.00000   50.00000    0.03390
  80.00000   52.00000    0.03443
  80.00000   54.00000    0.03390
  80.00000   56.00000    0.03363
  80.00000   58.00000    0.03201
  80.00000   60.00000    0.03255
  80.00000   62.00000    0.03040
  80.00000   64.00000    0.03013
  80.00000   66.00000    0.02636
  80.00000   68.00000    0.02367
  80.00000   70.00000    0.02179
  80.00000   72.00000    0.01829
  80.00000   74.00000    0.01560
  80.00000   76.00000    0.01184
  80.00000   78.00000    0.00511
  80.00000   82.00000    0.00592
  80.00000   84.00000    0.01184
  80.00000   86.00000    0.01453
  80.00000   88.00000    0.01749
  80.00000   90.00000    0.02045
  80.00000   92.00000    0.02125
  80.00000   94.00000    0.02206
  80.00000   96.00000    0.02098
  80.00000   98.00000    0.02098
  80.00000  100.00000    0.02125
  80.00000  102.00000    0.01991
  80.00000  104.00000    0.02098
  80.00000  106.00000    0.02098
  80.00000  108.00000    0.02152
  80.00000  110.00000    0.02314
  80.00000  112.00000    0.02475
  80.00000  114.00000    0.02636
  80.00000  116.00000    0.02690
  80.00000  118.00000    0.02798
  80.00000  120.00000    0.02771
  80.00000  122.00000    0.02744
  80.00000  124.00000    0.02878
  80.00000  126.00000    0.02932
  80.00000  128.00000    0.02986
  80.00000  132.00000    0.03174
  80.00000  134.00000    0.03309
  80.00000  138.00000    0.03632
  80.00000  140.00000    0.03874
  80.00000  142.00000    0.03955
  80.00000  144.00000    0.04116
  80.00000  146.00000    0.04250
  80.00000  148.00000    0.04519
  80.00000  150.00000    0.04627
  80.00000  152.00000    0.04600
  80.00000  154.00000    0.04896
  80.00000  156.00000    0.04815
  80.00000  158.00000    0.04654
  80.00000  160.00000    0.04600
  80.00000  162.00000    0.04331
  80.00000  164.00000    0.04519
  80.00000  166.00000    0.04546
  80.00000  168.00000    0.04466
  80.00000  170.00000    0.04573
  80.00000  172.00000    0.04546
  80.00000  174.00000    0.04762
  80.00000  176.00000    0.04923
  80.00000  178.00000    0.04923
  80.00000  180.00000    0.04950
  80.00000  182.00000    0.05031
  80.00000  184.00000    0.05031
  80.00000  186.00000    0.05165
  80.00000  188.00000    0.04896
  80.00000  190.00000    0.04950
  90.00000    2.00000    0.04519
  90.00000    4.00000    0.04519
  90.00000    6.00000    0.04277
  90.00000    8.00000    0.04277
  90.00000   10.00000    0.04493
  90.00000   12.00000    0.04493
  90.00000   14.00000    0.04466
  90.00000   16.00000    0.04385
  90.00000   18.00000    0.04439
  90.00000   20.00000    0.04519
  90.00000   22.00000    0.04385
  90.00000   24.00000    0.04277
  90.00000   26.00000    0.04224
  90.00000   28.00000    0.04035
  90.00000   30.00000    0.04035
  90.00000   32.00000    0.03981
  90.00000   36.00000    0.03632
  90.00000   38.00000    0.03686
  90.00000   40.00000    0.03605
  90.00000   42.00000    0.03739
  90.00000   44.00000    0.03686
  90.00000   46.00000    0.03605
  90.00000   48.00000    0.03524
  90.00000   50.00000    0.03497
  90.00000   52.00000    0.03443
  90.00000   54.00000    0.03497
  90.00000   56.00000    0.03497
  90.00000   58.00000    0.03255
  90.00000   60.00000    0.03390
  90.00000   62.00000    0.03147
  90.00000   64.00000    0.03013
  90.00000   66.00000    0.02771
  90.00000   68.00000    0.02609
  90.00000   70.00000    0.02556
  90.00000   72.00000    0.02367
  90.00000   74.00000    0.02206
  90.00000   76.00000    0.02233
  90.00000   78.00000    0.02233
  90.00000   80.00000    0.01991
  90.00000   82.00000    0.01668
  90.00000   84.00000    0.01587
  90.00000   86.00000    0.01184
  90.00000   88.00000    0.00538
  90.00000   92.00000    0.00646
  90.00000   94.00000    0.01211
  90.00000   98.00000    0.01829
  90.00000  100.00000    0.01910
  90.00000  102.00000    0.01883
  90.00000  104.00000    0.01856
  90.00000  106.00000    0.01910
  90.00000  108.00000    0.01991
  90.00000  110.00000    0.02152
  90.00000  112.00000    0.02340
  90.00000  114.00000    0.02394
  90.00000  116.00000    0.02448
  90.00000  118.00000    0.02663
  90.00000  120.00000    0.02636
  90.00000  122.00000    0.02583
  90.00000  124.00000    0.02529
  90.00000  126.00000    0.02636
  90.00000  128.00000    0.02825
  90.00000  130.00000    0.02986
  90.00000  132.00000    0.03067
  90.00000  134.00000    0.03174
  90.00000  140.00000    0.03659
  90.00000  142.00000    0.03793
  90.00000  144.00000    0.03901
  90.00000  146.00000    0.03928
  90.00000  148.00000    0.04116
  90.00000  150.00000    0.04439
  90.00000  152.00000    0.04546
  90.00000  156.00000    0.04439
  90.00000  158.00000    0.04197
  90.00000  160.00000    0.04197
  90.00000  162.00000    0.04358
  90.00000  164.00000    0.04412
  90.00000  166.00000    0.04493
  90.00000  168.00000    0.04412
  90.00000  170.00000    0.04493
  90.00000  172.00000    0.04519
  90.00000  174.00000    0.04708
  90.00000  176.00000    0.04708
  90.00000  178.00000    0.04708
  90.00000  180.00000    0.04735
  90.00000  182.00000    0.04869
  90.00000  184.00000    0.04869
  90.00000  186.00000    0.04977
  90.00000  188.00000    0.04815
  90.00000  190.00000    0.04762
 100.00000    4.00000    0.04735
 100.00000    6.00000    0.04654
 100.00000    8.00000    0.04708
 100.00000   10.00000    0.04708
 100.00000   12.00000    0.04815
 100.00000   14.00000    0.04815
 100.00000   16.00000    0.04466
 100.00000   18.00000    0.04600
 100.00000   20.00000    0.04762
 100.00000   22.00000    0.04466
 100.00000   24.00000    0.04358
 100.00000   26.00000    0.04277
 100.00000   28.00000    0.04331
 100.00000   30.00000    0.04089
 100.00000   32.00000    0.04089
 100.00000   36.00000    0.03901
 100.00000   38.00000    0.03766
 100.00000   40.00000    0.03820
 100.00000   42.00000    0.03793
 100.00000   44.00000    0.03739
 100.00000   46.00000    0.03659
 100.00000   48.00000    0.03632
 100.00000   50.00000    0.03686
 100.00000   52.00000    0.03686
 100.00000   54.00000    0.03605
 100.00000   56.00000    0.03524
 100.00000   58.00000    0.03309
 100.00000   60.00000    0.03443
 100.00000   62.00000    0.03255
 100.00000   64.00000    0.03174
 100.00000   66.00000    0.02878
 100.00000   68.00000    0.02771
 100.00000   70.00000    0.02583
 100.00000   72.00000    0.02448
 100.00000   74.00000    0.02340
 100.00000   76.00000    0.02233
 100.00000   78.00000    0.02394
 100.00000   80.00000    0.02098
 100.00000   82.00000    0.01856
 100.00000   84.00000    0.01910
 100.00000   86.00000    0.01937
 100.00000   88.00000    0.02045
 100.00000   90.00000    0.01937
 100.00000   92.00000    0.01964
 100.00000   94.00000    0.01587
 100.00000   96.00000    0.01049
 100.00000   98.00000    0.00430
 100.00000  102.00000    0.00646
 100.00000  104.00000    0.01049
 100.00000  106.00000    0.01291
 100.00000  108.00000    0.01480
 100.00000  110.00000    0.01668
 100.00000  112.00000    0.01856
 100.00000  114.00000    0.02045
 100.00000  116.00000    0.02125
 100.00000  118.00000    0.02233
 100.00000  120.00000    0.02367
 100.00000  122.00000    0.02502
 100.00000  124.00000    0.02502
 100.00000  126.00000    0.02609
 100.00000  128.00000    0.02798
 100.00000  132.00000    0.02825
 100.00000  134.00000    0.02825
 100.00000  138.00000    0.03147
 100.00000  140.00000    0.03524
 100.00000  142.00000    0.03551
 100.00000  144.00000    0.03659
 100.00000  146.00000    0.03659
 100.00000  148.00000    0.03928
 100.00000  150.00000    0.04062
 100.00000  152.00000    0.04116
 100.00000  154.00000    0.04062
 100.00000  156.00000    0.04089
 100.00000  158.00000    0.04143
 100.00000  160.00000    0.04062
 100.00000  162.00000    0.03955
 100.00000  164.00000    0.03981
 100.00000  166.00000    0.04035
 100.00000  168.00000    0.04143
 100.00000  170.00000    0.04062
 100.00000  172.00000    0.04224
 100.00000  174.00000    0.04277
 100.00000  176.00000    0.04331
 100.00000  178.00000    0.04331
 100.00000  180.00000    0.04412
 100.00000  182.00000    0.04573
 100.00000  184.00000    0.04519
 100.00000  186.00000    0.04627
 100.00000  188.00000    0.04519
 100.00000  190.00000    0.04493
 110.00000    4.00000    0.04762
 110.00000    6.00000    0.04950
 110.00000    8.00000    0.04950
 110.00000   10.00000    0.04977
 110.00000   12.00000    0.04869
 110.00000   14.00000    0.04842
 110.00000   16.00000    0.04815
 110.00000   18.00000    0.04950
 110.00000   20.00000    0.04950
 110.00000   22.00000    0.04627
 110.00000   24.00000    0.04654
 110.00000   26.00000    0.04681
 110.00000   28.00000    0.04385
 110.00000   30.00000    0.04331
 110.00000   32.00000    0.04143
 110.00000   34.00000    0.04008
 110.00000   36.00000    0.04035
 110.00000   40.00000    0.04143
 110.00000   42.00000    0.04143
 110.00000   44.00000    0.04197
 110.00000   46.00000    0.04224
 110.00000   48.00000    0.04062
 110.00000   50.00000    0.04008
 110.00000   52.00000    0.04035
 110.00000   54.00000    0.04062
 110.00000   56.00000    0.03981
 110.00000   58.00000    0.03659
 110.00000   60.00000    0.03632
 110.00000   62.00000    0.03524
 110.00000   64.00000    0.03497
 110.00000   66.00000    0.03147
 110.00000   68.00000    0.02986
 110.00000   70.00000    0.02878
 110.00000   72.00000    0.02690
 110.00000   74.00000    0.02556
 110.00000   76.00000    0.02475
 110.00000   78.00000    0.02556
 110.00000   80.00000    0.02287
 110.00000   82.00000    0.02125
 110.00000   84.00000    0.02071
 110.00000   86.00000    0.02179
 110.00000   88.00000    0.02179
 110.00000   90.00000    0.02179
 110.00000   92.00000    0.02233
 110.00000   94.00000    0.02206
 110.00000   96.00000    0.02071
 110.00000   98.00000    0.01829
 110.00000  100.00000    0.01641
 110.00000  102.00000    0.01345
 110.00000  104.00000    0.01157
 110.00000  108.00000    0.00565
 110.00000  112.00000    0.00511
 110.00000  114.00000    0.00995
 110.00000  116.00000    0.01049
 110.00000  118.00000    0.01264
 110.00000  120.00000    0.01264
 110.00000  122.00000    0.01506
 110.00000  124.00000    0.01722
 110.00000  126.00000    0.01802
 110.00000  128.00000    0.02206
 110.00000  130.00000    0.02340
 110.00000  132.00000    0.02502
 110.00000  134.00000    0.02663
 110.00000  136.00000    0.02636
 110.00000  138.00000    0.02878
 110.00000  140.00000    0.03121
 110.00000  142.00000    0.03309
 110.00000  144.00000    0.03443
 110.00000  146.00000    0.03524
 110.00000  148.00000    0.03712
 110.00000  150.00000    0.03874
 110.00000  152.00000    0.03955
 110.00000  154.00000    0.03981
 110.00000  156.00000    0.04035
 110.00000  158.00000    0.03928
 110.00000  160.00000    0.03955
 110.00000  162.00000    0.04062
 110.00000  164.00000    0.03955
 110.00000  166.00000    0.04224
 110.00000  168.00000    0.04008
 110.00000  170.00000    0.04062
 110.00000  172.00000    0.04062
 110.00000  176.00000    0.04277
 110.00000  178.00000    0.04250
 110.00000  180.00000    0.04197
 110.00000  182.00000    0.04385
 110.00000  184.00000    0.04466
 110.00000  186.00000    0.04493
 110.00000  188.00000    0.04519
 110.00000  190.00000    0.04519
 120.00000   10.00000    0.05515
 120.00000   12.00000    0.05542
 120.00000   14.00000    0.05461
 120.00000   16.00000    0.05192
 120.00000   18.00000    0.05273
 120.00000   20.00000    0.05300
 120.00000   22.00000    0.05084
 120.00000   24.00000    0.05004
 120.00000   26.00000    0.04950
 120.00000   28.00000    0.04735
 120.00000   32.00000    0.04654
 120.00000   34.00000    0.04466
 120.00000   36.00000    0.04412
 120.00000   38.00000    0.04519
 120.00000   40.00000    0.04466
 120.00000   42.00000    0.04331
 120.00000   44.00000    0.04358
 120.00000   46.00000    0.04493
 120.00000   48.00000    0.04224
 120.00000   50.00000    0.04439
 120.00000   52.00000    0.04304
 120.00000   54.00000    0.04250
 120.00000   56.00000    0.04035
 120.00000   58.00000    0.03847
 120.00000   60.00000    0.04035
 120.00000   62.00000    0.03766
 120.00000   64.00000    0.03766
 120.00000   66.00000    0.03470
 120.00000   68.00000    0.03255
 120.00000   70.00000    0.03228
 120.00000   72.00000    0.03013
 120.00000   74.00000    0.02959
 120.00000   76.00000    0.02932
 120.00000   78.00000    0.02878
 120.00000   80.00000    0.02690
 120.00000   82.00000    0.02502
 120.00000   84.00000    0.02394
 120.00000   86.00000    0.02529
 120.00000   88.00000    0.02609
 120.00000   90.00000    0.02583
 120.00000   92.00000    0.02556
 120.00000   94.00000    0.02502
 120.00000   96.00000    0.02502
 120.00000   98.00000    0.02394
 120.00000  100.00000    0.02233
 120.00000  102.00000    0.02179
 120.00000  104.00000    0.01937
 120.00000  108.00000    0.01614
 120.00000  110.00000    0.01426
 120.00000  112.00000    0.01318
 120.00000  114.00000    0.00942
 120.00000  116.00000    0.00915
 120.00000  118.00000    0.00699
 120.00000  122.00000    0.00404
 120.00000  124.00000    0.00673
 120.00000  126.00000    0.00861
 120.00000  128.00000    0.01076
 120.00000  130.00000    0.01372
 120.00000  132.00000    0.01453
 120.00000  134.00000    0.01614
 120.00000  136.00000    0.01802
 120.00000  138.00000    0.02045
 120.00000  140.00000    0.02421
 120.00000  142.00000    0.02663
 120.00000  144.00000    0.02771
 120.00000  146.00000    0.02878
 120.00000  148.00000    0.03228
 120.00000  150.00000    0.03470
 120.00000  152.00000    0.03578
 120.00000  154.00000    0.03901
 120.00000  156.00000    0.04089
 120.00000  158.00000    0.03901
 120.00000  160.00000    0.03955
 120.00000  162.00000    0.03847
 120.00000  164.00000    0.04035
 120.00000  166.00000    0.03955
 120.00000  168.00000    0.03955
 120.00000  170.00000    0.04008
 120.00000  172.00000    0.03981
 120.00000  174.00000    0.04116
 120.00000  176.00000    0.04385
 120.00000  178.00000    0.04439
 120.00000  180.00000    0.04493
 120.00000  182.00000    0.04519
 120.00000  184.00000    0.04573
 120.00000  186.00000    0.04546
 120.00000  190.00000    0.04439
 130.00000    4.00000    0.05865
 130.00000    6.00000    0.05569
 130.00000    8.00000    0.05865
 130.00000   10.00000    0.05918
 130.00000   12.00000    0.05999
 130.00000   14.00000    0.05999
 130.00000   16.00000    0.05865
 130.00000   18.00000    0.05757
 130.00000   22.00000    0.05569
 130.00000   24.00000    0.05542
 130.00000   26.00000    0.05380
 130.00000   28.00000    0.05300
 130.00000   32.00000    0.05192
 130.00000   36.00000    0.04977
 130.00000   38.00000    0.04977
 130.00000   40.00000    0.04950
 130.00000   42.00000    0.04869
 130.00000   44.00000    0.04950
 130.00000   46.00000    0.04977
 130.00000   48.00000    0.04923
 130.00000   50.00000    0.04869
 130.00000   52.00000    0.04842
 130.00000   54.00000    0.04708
 130.00000   56.00000    0.04493
 130.00000   58.00000    0.04385
 130.00000   60.00000    0.04466
 130.00000   62.00000    0.04250
 130.00000   64.00000    0.04143
 130.00000   66.00000    0.03955
 130.00000   68.00000    0.03766
 130.00000   70.00000    0.03739
 130.00000   72.00000    0.03524
 130.00000   74.00000    0.03390
 130.00000   76.00000    0.03255
 130.00000   78.00000    0.03390
 130.00000   80.00000    0.03147
 130.00000   82.00000    0.02905
 130.00000   84.00000    0.03040
 130.00000   86.00000    0.03067
 130.00000   88.00000    0.03067
 130.00000   90.00000    0.03013
 130.00000   92.00000    0.03040
 130.00000   94.00000    0.03013
 130.00000   96.00000    0.03040
 130.00000   98.00000    0.02905
 130.00000  100.00000    0.02825
 130.00000  102.00000    0.02798
 130.00000  104.00000    0.02798
 130.00000  108.00000    0.02421
 130.00000  110.00000    0.02260
 130.00000  112.00000    0.02152
 130.00000  114.00000    0.02018
 130.00000  116.00000    0.01856
 130.00000  118.00000    0.01668
 130.00000  120.00000    0.01291
 130.00000  122.00000    0.01211
 130.00000  124.00000    0.01049
 130.00000  126.00000    0.00861
 130.00000  128.00000    0.00511
 130.00000  132.00000    0.00565
 130.00000  134.00000    0.01022
 130.00000  136.00000    0.01184
 130.00000  138.00000    0.01560
 130.00000  140.00000    0.01937
 130.00000  142.00000    0.02152
 130.00000  144.00000    0.02206
 130.00000  146.00000    0.02314
 130.00000  148.00000    0.02636
 130.00000  150.00000    0.02798
 130.00000  152.00000    0.03040
 130.00000  154.00000    0.03390
 130.00000  156.00000    0.03686
 130.00000  158.00000    0.03712
 130.00000  160.00000    0.03659
 130.00000  162.00000    0.03659
 130.00000  164.00000    0.03739
 130.00000  166.00000    0.03847
 130.00000  168.00000    0.03928
 130.00000  170.00000    0.04062
 130.00000  172.00000    0.04035
 130.00000  174.00000    0.04197
 130.00000  176.00000    0.04358
 130.00000  178.00000    0.04439
 130.00000  180.00000    0.04654
 130.00000  182.00000    0.04681
 130.00000  184.00000    0.04762
 130.00000  186.00000    0.04896
 130.00000  188.00000    0.04923
 130.00000  190.00000    0.04842
 140.00000   28.00000    0.05865
 140.00000   30.00000    0.05649
 140.00000   32.00000    0.05891
 140.00000   36.00000    0.05703
 140.00000   38.00000    0.05327
 140.00000   40.00000    0.05461
 140.00000   42.00000    0.05434
 140.00000   44.00000    0.05569
 140.00000   46.00000    0.05434
 140.00000   48.00000    0.05434
 140.00000   50.00000    0.05380
 140.00000   52.00000    0.05676
 140.00000   54.00000    0.05300
 140.00000   56.00000    0.05246
 140.00000   58.00000    0.05165
 140.00000   60.00000    0.05111
 140.00000   62.00000    0.05084
 140.00000   64.00000    0.04869
 140.00000   66.00000    0.04466
 140.00000   68.00000    0.04466
 140.00000   70.00000    0.04466
 140.00000   72.00000    0.04170
 140.00000   74.00000    0.04089
 140.00000   76.00000    0.03981
 140.00000   78.00000    0.03981
 140.00000   80.00000    0.03820
 140.00000   82.00000    0.03551
 140.00000   84.00000    0.03551
 140.00000   86.00000    0.03632
 140.00000   88.00000    0.03712
 140.00000   90.00000    0.03659
 140.00000   92.00000    0.03659
 140.00000   94.00000    0.03578
 140.00000   96.00000    0.03578
 140.00000   98.00000    0.03443
 140.00000  100.00000    0.03417
 140.00000  102.00000    0.03390
 140.00000  104.00000    0.03524
 140.00000  108.00000    0.03309
 140.00000  110.00000    0.03228
 140.00000  112.00000    0.03309
 140.00000  114.00000    0.03094
 140.00000  116.00000    0.02959
 140.00000  118.00000    0.02744
 140.00000  120.00000    0.02556
 140.00000  122.00000    0.02475
 140.00000  124.00000    0.02421
 140.00000  126.00000    0.02071
 140.00000  128.00000    0.01991
 140.00000  130.00000    0.01722
 140.00000  132.00000    0.01587
 140.00000  134.00000    0.01399
 140.00000  136.00000    0.01130
 140.00000  138.00000    0.00538
 140.00000  142.00000    0.00511
 140.00000  144.00000    0.01157
 140.00000  146.00000    0.01426
 140.00000  148.00000    0.01722
 140.00000  150.00000    0.01856
 140.00000  152.00000    0.02125
 140.00000  158.00000    0.02905
 140.00000  160.00000    0.03040
 140.00000  162.00000    0.03067
 140.00000  164.00000    0.03255
 140.00000  166.00000    0.03309
 140.00000  168.00000    0.03443
 140.00000  170.00000    0.03632
 140.00000  172.00000    0.03739
 140.00000  174.00000    0.03928
 140.00000  176.00000    0.04116
 140.00000  178.00000    0.04224
 140.00000  180.00000    0.04519
 140.00000  182.00000    0.04627
 140.00000  184.00000    0.04815
 140.00000  186.00000    0.04923
 140.00000  188.00000    0.05031
 140.00000  190.00000    0.05058
 150.00000   56.00000    0.05999
 150.00000   58.00000    0.05918
 150.00000   60.00000    0.06026
 150.00000   62.00000    0.05972
 150.00000   64.00000    0.05784
 150.00000   66.00000    0.05461
 150.00000   68.00000    0.05138
 150.00000   70.00000    0.05084
 150.00000   72.00000    0.05058
 150.00000   74.00000    0.04896
 150.00000   76.00000    0.04788
 150.00000   78.00000    0.04681
 150.00000   80.00000    0.04681
 150.00000   82.00000    0.04304
 150.00000   84.00000    0.04197
 150.00000   86.00000    0.04439
 150.00000   88.00000    0.04439
 150.00000   90.00000    0.04358
 150.00000   92.00000    0.04331
 150.00000   94.00000    0.04277
 150.00000   96.00000    0.04170
 150.00000   98.00000    0.04170
 150.00000  100.00000    0.04116
 150.00000  102.00000    0.04116
 150.00000  104.00000    0.04116
 150.00000  108.00000    0.04035
 150.00000  110.00000    0.04008
 150.00000  112.00000    0.03955
 150.00000  114.00000    0.03874
 150.00000  116.00000    0.03739
 150.00000  118.00000    0.03659
 150.00000  120.00000    0.03497
 150.00000  122.00000    0.03336
 150.00000  124.00000    0.03255
 150.00000  126.00000    0.02986
 150.00000  128.00000    0.02932
 150.00000  130.00000    0.02744
 150.00000  132.00000    0.02609
 150.00000  134.00000    0.02529
 150.00000  136.00000    0.02583
 150.00000  140.00000    0.01829
 150.00000  142.00000    0.01749
 150.00000  144.00000    0.01345
 150.00000  146.00000    0.01076
 150.00000  148.00000    0.00511
 150.00000  152.00000    0.00484
 150.00000  154.00000    0.01076
 150.00000  160.00000    0.01587
 150.00000  162.00000    0.01749
 150.00000  164.00000    0.01883
 150.00000  166.00000    0.02071
 150.00000  168.00000    0.02152
 150.00000  170.00000    0.02340
 150.00000  172.00000    0.02529
 150.00000  174.00000    0.02690
 150.00000  176.00000    0.02905
 150.00000  178.00000    0.03121
 150.00000  180.00000    0.03309
 150.00000  182.00000    0.03578
 150.00000  184.00000    0.03712
 150.00000  186.00000    0.03955
 150.00000  188.00000    0.04008
 150.00000  190.00000    0.04224
 160.00000   66.00000    0.05192
 160.00000   68.00000    0.04977
 160.00000   70.00000    0.05058
 160.00000   72.00000    0.04735
 160.00000   74.00000    0.04788
 160.00000   78.00000    0.04546
 160.00000   80.00000    0.04439
 160.00000   82.00000    0.04116
 160.00000   84.00000    0.04224
 160.00000   86.00000    0.04250
 160.00000   88.00000    0.04250
 160.00000   90.00000    0.04170
 160.00000   92.00000    0.04143
 160.00000   94.00000    0.04116
 160.00000   96.00000    0.04116
 160.00000   98.00000    0.04116
 160.00000  100.00000    0.04089
 160.00000  102.00000    0.04035
 160.00000  104.00000    0.04089
 160.00000  108.00000    0.03928
 160.00000  110.00000    0.03981
 160.00000  112.00000    0.04035
 160.00000  114.00000    0.03928
 160.00000  116.00000    0.04062
 160.00000  118.00000    0.03981
 160.00000  120.00000    0.03955
 160.00000  122.00000    0.03847
 160.00000  124.00000    0.03874
 160.00000  126.00000    0.03632
 160.00000  128.00000    0.03739
 160.00000  132.00000    0.03417
 160.00000  134.00000    0.03336
 160.00000  138.00000    0.03013
 160.00000  140.00000    0.03040
 160.00000  142.00000    0.02717
 160.00000  144.00000    0.02475
 160.00000  146.00000    0.02071
 160.00000  148.00000    0.01910
 160.00000  150.00000    0.01506
 160.00000  152.00000    0.01130
 160.00000  154.00000    0.01157
 160.00000  156.00000    0.00915
 160.00000  158.00000    0.00511
 170.00000   60.00000    0.05865
 170.00000   62.00000    0.05622
 170.00000   64.00000    0.05542
 170.00000   66.00000    0.05488
 170.00000   68.00000    0.05165
 170.00000   70.00000    0.05192
 170.00000   72.00000    0.05058
 170.00000   74.00000    0.04923
 170.00000   76.00000    0.04815
 170.00000   78.00000    0.04788
 170.00000   80.00000    0.04600
 170.00000   82.00000    0.04250
 170.00000   84.00000    0.04250
 170.00000   86.00000    0.04385
 170.00000   88.00000    0.04277
 170.00000   90.00000    0.04277
 170.00000   92.00000    0.04304
 170.00000   94.00000    0.04197
 170.00000   96.00000    0.04089
 170.00000   98.00000    0.04143
 170.00000  100.00000    0.04035
 170.00000  102.00000    0.04197
 170.00000  104.00000    0.04250
 170.00000  108.00000    0.04089
 170.00000  110.00000    0.04089
 170.00000  112.00000    0.04143
 170.00000  114.00000    0.04197
 170.00000  116.00000    0.04197
 170.00000  118.00000    0.04116
 170.00000  120.00000    0.04170
 170.00000  122.00000    0.04143
 170.00000  124.00000    0.04089
 170.00000  126.00000    0.04008
 170.00000  128.00000    0.04008
 170.00000  132.00000    0.03874
 170.00000  134.00000    0.03793
 170.00000  140.00000    0.03578
 170.00000  142.00000    0.03390
 170.00000  144.00000    0.03121
 170.00000  146.00000    0.02852
 170.00000  148.00000    0.02717
 170.00000  150.00000    0.02314
 170.00000  152.00000    0.02071
 170.00000  154.00000    0.02045
 170.00000  156.00000    0.01749
 170.00000  158.00000    0.01533
 170.00000  160.00000    0.01372
 170.00000  162.00000    0.01157
 170.00000  164.00000    0.01103
 170.00000  166.00000    0.00780
 170.00000  168.00000    0.00538
 170.00000  172.00000    0.00457
 170.00000  174.00000    0.00915
 170.00000  176.00000    0.01103
 170.00000  178.00000    0.01291
 170.00000  180.00000    0.01453
 170.00000  182.00000    0.01695
 170.00000  184.00000    0.01802
 170.00000  186.00000    0.02018
 170.00000  188.00000    0.02125
 170.00000  190.00000    0.02394
 180.00000   62.00000    0.05918
 180.00000   64.00000    0.05838
 180.00000   66.00000    0.05461
 180.00000   68.00000    0.05434
 180.00000   70.00000    0.05353
 180.00000   72.00000    0.05192
 180.00000   74.00000    0.05111
 180.00000   76.00000    0.04950
 180.00000   78.00000    0.04923
 180.00000   80.00000    0.04762
 180.00000   82.00000    0.04573
 180.00000   84.00000    0.04573
 180.00000   86.00000    0.04573
 180.00000   88.00000    0.04546
 180.00000   90.00000    0.04573
 180.00000   92.00000    0.04466
 180.00000   94.00000    0.04519
 180.00000   96.00000    0.04358
 180.00000   98.00000    0.04466
 180.00000  100.00000    0.04304
 180.00000  102.00000    0.04304
 180.00000  104.00000    0.04385
 180.00000  108.00000    0.04277
 180.00000  110.00000    0.04385
 180.00000  112.00000    0.04412
 180.00000  114.00000    0.04331
 180.00000  116.00000    0.04385
 180.00000  118.00000    0.04519
 180.00000  120.00000    0.04519
 180.00000  122.00000    0.04493
 180.00000  124.00000    0.04627
 180.00000  126.00000    0.04546
 180.00000  128.00000    0.04573
 180.00000  132.00000    0.04439
 180.00000  134.00000    0.04439
 180.00000  136.00000    0.04842
 180.00000  138.00000    0.04466
 180.00000  140.00000    0.04493
 180.00000  142.00000    0.04277
 180.00000  144.00000    0.04143
 180.00000  146.00000    0.03712
 180.00000  148.00000    0.03551
 180.00000  150.00000    0.03201
 180.00000  152.00000    0.02932
 180.00000  154.00000    0.02852
 180.00000  156.00000    0.02636
 180.00000  158.00000    0.02448
 180.00000  160.00000    0.02233
 180.00000  162.00000    0.02152
 180.00000  164.00000    0.01964
 180.00000  166.00000    0.01749
 180.00000  168.00000    0.01587
 180.00000  170.00000    0.01372
 180.00000  172.00000    0.01345
 180.00000  174.00000    0.01237
 180.00000  176.00000    0.00861
 180.00000  178.00000    0.00538
 180.00000  182.00000    0.00592
 180.00000  184.00000    0.00807
 180.00000  186.00000    0.01103
 180.00000  188.00000    0.01264
 180.00000  190.00000    0.01560
